n 200000
m 4541
s 1
t 0
a 1 427 458004
a 3 99 1000
a 3 367 2000
a 3 422 3000
a 3 90 4000
a 3 93 5000
a 3 172 6000
a 3 128 7000
a 3 90 8000
a 3 90 9000
a 3 70 10000
a 3 90 11000
a 3 70 12000
a 3 143 13000
a 3 390 15000
a 3 362 16000
a 3 128 17000
a 3 362 18000
a 3 209 19000
a 3 362 20000
a 3 128 21000
a 3 90 22000
a 3 90 23000
a 3 128 24000
a 3 90 25000
a 3 128 26000
a 3 362 27000
a 3 90 28000
a 3 367 29000
a 3 390 30000
a 3 362 32000
a 3 362 34000
a 3 241 35000
a 3 363 36000
a 3 398 38000
a 3 128 40000
a 3 241 41000
a 3 390 42000
a 3 390 44000
a 3 35 45000
a 3 390 46000
a 3 79 47000
a 3 390 48000
a 3 362 54000
a 3 90 55000
a 3 362 56000
a 3 90 57000
a 3 90 58000
a 3 90 59000
a 3 362 60000
a 3 90 61000
a 3 362 62000
a 3 70 63000
a 3 362 64000
a 3 90 65000
a 3 225 66000
a 3 225 67000
a 3 225 68000
a 3 90 69000
a 3 225 70000
a 3 35 71000
a 3 362 72000
a 3 148 73000
a 3 90 74000
a 3 362 75000
a 3 362 76000
a 3 362 77000
a 3 90 78000
a 3 362 79000
a 3 101 96000
a 3 128 98000
a 3 241 100000
a 3 128 101000
a 3 60 102000
a 3 128 104000
a 3 390 106000
a 3 101 107000
a 3 390 109000
a 3 390 110000
a 3 42 112000
a 3 390 114000
a 3 362 115000
a 3 90 116000
a 3 367 117000
a 3 362 118000
a 3 84 120000
a 3 378 121000
a 3 318 122000
a 3 378 123000
a 3 90 124000
a 3 90 125000
a 3 90 126000
a 3 90 127000
a 3 90 128000
a 3 90 129000
a 3 90 130000
a 3 362 131000
a 3 90 132000
a 3 90 133000
a 3 90 134000
a 3 90 135000
a 3 90 136000
a 3 171 137000
a 3 92 140000
a 3 397 141000
a 3 209 143000
a 3 256 144000
a 3 256 145000
a 3 143 148000
a 3 363 149000
a 3 363 150000
a 3 390 151000
a 3 390 160000
a 3 390 161000
a 3 390 167000
a 3 35 169000
a 3 416 171000
a 3 35 184000
a 3 115 195000
a 3 425 196000
a 3 39 199000
a 3 390 203000
a 3 35 205000
a 3 208 207000
a 3 397 208000
a 3 101 210000
a 3 35 211000
a 3 425 213000
a 3 183 216000
a 3 182 217000
a 3 182 218000
a 3 398 219000
a 3 35 220000
a 3 35 221000
a 3 263 222000
a 3 263 223000
a 3 391 224000
a 3 390 226000
a 3 35 227000
a 3 390 229000
a 3 208 232000
a 3 35 233000
a 3 397 234000
a 3 263 235000
a 3 182 236000
a 3 81 237000
a 3 418 238000
a 3 77 239000
a 3 35 241000
a 3 390 242000
a 3 79 244000
a 3 390 247000
a 3 390 248000
a 3 35 250000
a 3 390 251000
a 3 390 252000
a 3 35 253000
a 3 390 254000
a 3 35 256000
a 3 35 259000
a 3 390 261000
a 3 362 263000
a 3 128 264000
a 3 347 265000
a 3 90 267000
a 3 365 268000
a 3 90 269000
a 3 417 271000
a 3 362 272000
a 3 35 274000
a 3 379 276000
a 3 362 278000
a 3 229 279000
a 3 156 281000
a 3 129 284000
a 3 128 286000
a 3 128 287000
a 3 397 292000
a 3 35 295000
a 3 362 296000
a 3 362 297000
a 3 90 298000
a 3 90 300000
a 3 362 301000
a 3 362 303000
a 3 256 304000
a 3 362 305000
a 3 362 306000
a 3 362 307000
a 3 225 308000
a 3 225 309000
a 3 347 310000
a 3 225 314000
a 3 148 315000
a 3 225 316000
a 3 367 318000
a 3 225 319000
a 3 225 320000
a 3 101 321000
a 3 225 322000
a 3 225 324000
a 3 139 326000
a 3 390 337000
a 3 101 338000
a 3 425 339000
a 3 390 341000
a 3 390 342000
a 3 104 345000
a 3 35 346000
a 3 279 347000
a 3 390 348000
a 3 390 350000
a 3 390 352000
a 3 35 353000
a 3 35 355000
a 3 263 356000
a 3 256 357000
a 3 256 358000
a 3 35 359000
a 3 35 360000
a 3 273 361000
a 3 35 362000
a 3 390 364000
a 3 390 365000
a 3 35 366000
a 3 390 367000
a 3 390 369000
a 3 390 371000
a 3 35 372000
a 3 390 373000
a 3 390 374000
a 3 193 375000
a 3 390 377000
a 3 390 380000
a 3 362 382000
a 3 362 383000
a 3 204 384000
a 3 390 385000
a 3 390 388000
a 3 390 389000
a 3 390 390000
a 3 35 391000
a 3 425 395000
a 3 35 398000
a 3 390 399000
a 3 35 403000
a 3 128 405000
a 3 390 408000
a 3 347 409000
a 3 390 411000
a 3 35 413000
a 3 390 414000
a 3 101 416000
a 3 35 417000
a 3 35 420000
a 3 35 421000
a 3 244 422000
a 3 35 423000
a 3 27 424000
a 3 209 425000
a 3 35 426000
a 3 351 427000
a 3 35 428000
a 3 390 430000
a 3 35 431000
a 3 244 433000
a 3 128 436000
a 3 60 437000
a 3 60 438000
a 3 60 440000
a 3 240 441000
a 3 397 442000
a 3 60 443000
a 3 397 444000
a 3 60 445000
a 3 75 446000
a 3 60 447000
a 3 323 448000
a 3 271 449000
a 3 241 450000
a 3 60 451000
a 3 185 452000
a 3 171 453000
a 3 277 454000
a 3 104 455000
a 3 386 456000
a 3 241 457000
a 3 60 458000
a 3 302 459000
a 3 302 460000
a 3 88 461000
a 3 60 463000
a 3 277 464000
a 3 419 465000
a 3 101 466000
a 3 114 467000
a 3 241 468000
a 3 222 469000
a 3 171 470000
a 3 60 471000
a 3 241 472000
a 3 248 474000
a 3 241 475000
a 3 60 476000
a 3 390 477000
a 3 244 478000
a 3 397 479000
a 3 60 480000
a 3 397 481000
a 3 397 482000
a 3 60 483000
a 3 357 484000
a 3 171 485000
a 3 101 486000
a 3 183 487000
a 3 437 489000
a 3 79 493000
a 3 27 494000
a 3 363 496000
a 3 396 499000
a 3 90 501000
a 3 67 503000
a 3 35 504000
a 3 390 509000
a 3 31 514000
a 3 437 516000
a 3 210 518000
a 3 390 524000
a 3 390 525000
a 3 223 527000
a 3 390 529000
a 3 390 531000
a 3 210 532000
a 3 397 533000
a 3 90 534000
a 3 232 536000
a 3 277 538000
a 3 101 540000
a 3 76 546000
a 3 193 547000
a 3 128 548000
a 3 437 549000
a 3 390 550000
a 3 273 551000
a 3 210 552000
a 3 275 554000
a 3 390 555000
a 3 39 556000
a 3 28 557000
a 3 35 558000
a 3 101 559000
a 3 362 560000
a 3 91 561000
a 3 362 562000
a 3 279 563000
a 3 90 564000
a 3 263 565000
a 3 90 566000
a 3 35 568000
a 3 296 569000
a 3 397 570000
a 3 423 571000
a 3 423 572000
a 3 356 573000
a 3 99 575000
a 3 77 576000
a 3 21 577000
a 3 15 578000
a 3 16 579000
a 3 19 580000
a 3 6 581000
a 3 13 582000
a 3 8 583000
a 3 20 584000
a 3 20 585000
a 3 15 586000
a 3 16 587000
a 3 19 588000
a 3 22 589000
a 3 19 590000
a 3 13 591000
a 3 6 592000
a 3 16 593000
a 3 16 594000
a 3 8 595000
a 3 13 596000
a 3 13 597000
a 3 22 598000
a 3 10 599000
a 3 6 600000
a 3 8 601000
a 3 336 602000
a 3 90 603000
a 3 367 604000
a 3 35 606000
a 3 90 607000
a 3 209 608000
a 3 35 609000
a 3 218 610000
a 3 90 612000
a 3 336 614000
a 3 397 615000
a 3 336 617000
a 3 17 618000
a 3 11 619000
a 3 18 620000
a 3 19 621000
a 3 6 622000
a 3 19 623000
a 3 19 624000
a 3 21 625000
a 3 15 626000
a 3 13 627000
a 3 15 628000
a 3 19 629000
a 3 19 630000
a 3 6 631000
a 3 9 632000
a 3 13 633000
a 3 13 634000
a 3 15 635000
a 3 15 636000
a 3 13 637000
a 3 19 638000
a 3 6 639000
a 3 19 640000
a 3 15 641000
a 3 15 642000
a 3 13 643000
a 3 15 644000
a 3 15 646000
a 3 13 647000
a 3 8 649000
a 3 19 650000
a 3 19 652000
a 3 19 653000
a 3 19 655000
a 3 22 656000
a 3 6 657000
a 3 6 658000
a 3 19 659000
a 3 13 660000
a 3 13 661000
a 3 16 662000
a 3 18 663000
a 3 22 664000
a 3 19 665000
a 3 13 666000
a 3 13 668000
a 3 19 669000
a 3 13 670000
a 3 13 672000
a 3 13 673000
a 3 19 674000
a 3 19 676000
a 3 19 677000
a 3 13 682000
a 3 5 683000
a 3 19 685000
a 3 19 688000
a 3 18 693000
a 3 90 694000
a 3 12 695000
a 3 19 697000
a 3 7 698000
a 3 397 699000
a 3 19 700000
a 3 390 701000
a 3 14 703000
a 3 13 704000
a 3 209 705000
a 3 19 706000
a 3 0 708000
a 3 0 709000
a 3 0 710000
a 3 447 31000
a 3 447 49000
a 3 447 84000
a 3 447 86000
a 3 447 88000
a 3 447 90000
a 3 447 113000
a 3 447 142000
a 3 447 173000
a 3 447 176000
a 3 447 177000
a 3 447 179000
a 3 447 180000
a 3 447 182000
a 3 447 183000
a 3 447 185000
a 3 447 190000
a 3 447 192000
a 3 447 197000
a 3 447 198000
a 3 447 202000
a 3 447 206000
a 3 447 209000
a 3 447 231000
a 3 447 325000
a 3 447 333000
a 3 447 335000
a 3 447 344000
a 3 447 349000
a 3 447 351000
a 3 447 368000
a 3 447 376000
a 3 447 378000
a 3 447 379000
a 3 447 381000
a 3 447 400000
a 3 447 401000
a 3 447 406000
a 3 447 410000
a 3 447 412000
a 3 447 415000
a 3 447 418000
a 3 447 419000
a 3 447 510000
a 3 447 511000
a 3 447 513000
a 3 447 515000
a 3 447 521000
a 3 447 523000
a 3 447 526000
a 3 449 39000
a 3 449 50000
a 3 449 51000
a 3 449 53000
a 3 449 95000
a 3 449 105000
a 3 449 139000
a 3 449 172000
a 3 449 193000
a 3 449 266000
a 3 449 273000
a 3 449 275000
a 3 449 280000
a 3 449 283000
a 3 449 294000
a 3 449 402000
a 3 449 404000
a 3 449 488000
a 3 449 492000
a 3 449 495000
a 3 449 500000
a 3 449 507000
a 3 449 512000
a 3 449 574000
a 3 449 611000
a 3 449 616000
a 3 450 82000
a 3 450 85000
a 3 450 87000
a 3 450 91000
a 3 450 178000
a 3 450 181000
a 3 450 188000
a 3 450 191000
a 3 450 200000
a 3 450 201000
a 3 450 204000
a 3 450 225000
a 3 450 230000
a 3 450 327000
a 3 450 328000
a 3 450 329000
a 3 450 386000
a 3 450 505000
a 3 450 508000
a 3 450 517000
a 3 450 519000
a 3 450 520000
a 3 450 522000
a 3 450 541000
a 3 450 544000
a 3 452 83000
a 3 452 240000
a 3 452 243000
a 3 452 255000
a 3 452 260000
a 3 452 262000
a 3 452 543000
a 3 454 92000
a 3 454 94000
a 3 454 186000
a 3 454 331000
a 3 454 490000
a 3 454 491000
a 3 456 152000
a 3 456 153000
a 3 456 155000
a 3 456 159000
a 3 456 164000
a 3 456 249000
a 3 456 545000
a 3 457 14000
a 3 457 52000
a 3 457 108000
a 3 457 111000
a 3 457 147000
a 3 457 154000
a 3 457 156000
a 3 457 157000
a 3 457 158000
a 3 457 162000
a 3 457 163000
a 3 457 168000
a 3 457 170000
a 3 457 187000
a 3 457 194000
a 3 457 212000
a 3 457 214000
a 3 457 215000
a 3 457 228000
a 3 457 270000
a 3 457 277000
a 3 457 282000
a 3 457 285000
a 3 457 288000
a 3 457 289000
a 3 457 290000
a 3 457 291000
a 3 457 293000
a 3 457 299000
a 3 457 302000
a 3 457 311000
a 3 457 312000
a 3 457 313000
a 3 457 317000
a 3 457 323000
a 3 457 330000
a 3 457 334000
a 3 457 336000
a 3 457 340000
a 3 457 354000
a 3 457 363000
a 3 457 370000
a 3 457 392000
a 3 457 393000
a 3 457 394000
a 3 457 435000
a 3 457 497000
a 3 457 498000
a 3 457 502000
a 3 457 506000
a 3 457 539000
a 3 457 553000
a 3 457 567000
a 3 459 33000
a 3 459 37000
a 3 459 97000
a 3 459 99000
a 3 459 103000
a 3 459 138000
a 3 459 146000
a 3 459 439000
a 3 459 462000
a 3 459 473000
a 3 459 537000
a 3 459 605000
a 3 459 613000
a 3 460 89000
a 3 460 93000
a 3 460 165000
a 3 460 166000
a 3 460 174000
a 3 460 189000
a 3 460 332000
a 3 460 407000
a 3 460 528000
a 3 460 530000
a 3 460 535000
a 3 460 542000
a 3 461 245000
a 3 461 246000
a 3 461 257000
a 3 461 258000
a 3 462 43000
a 3 462 119000
a 3 462 343000
a 3 462 387000
a 3 462 396000
a 3 463 175000
a 3 463 645000
a 3 463 648000
a 3 463 651000
a 3 463 654000
a 3 463 667000
a 3 463 671000
a 3 463 675000
a 3 463 678000
a 3 463 679000
a 3 463 680000
a 3 463 681000
a 3 463 684000
a 3 463 686000
a 3 463 687000
a 3 463 689000
a 3 463 690000
a 3 463 691000
a 3 463 692000
a 3 463 696000
a 3 463 702000
a 3 463 707000
a 3 464 80000
a 3 464 81000
a 3 464 397000
a 3 464 429000
a 3 464 432000
a 3 464 434000
a 4 4 0
a 4 457 567002
a 5 403 683001
a 5 5 0
a 6 393 581001
a 6 394 600001
a 6 209 622001
a 6 263 631001
a 6 23 639001
a 6 401 657001
a 6 209 658001
a 6 6 0
a 6 449 592001
a 7 209 698001
a 7 7 0
a 8 362 583001
a 8 362 595001
a 8 362 601001
a 8 70 649001
a 8 8 0
a 9 375 632001
a 9 9 0
a 10 208 599001
a 10 10 0
a 11 103 619001
a 11 11 0
a 12 390 695001
a 12 12 0
a 13 244 582001
a 13 208 591001
a 13 81 596001
a 13 208 597001
a 13 208 627001
a 13 208 633001
a 13 208 634001
a 13 75 637001
a 13 179 643001
a 13 179 647001
a 13 256 660001
a 13 313 661001
a 13 218 666001
a 13 309 668001
a 13 372 670001
a 13 256 672001
a 13 302 673001
a 13 256 682001
a 13 357 704001
a 13 13 0
a 14 331 703001
a 14 14 0
a 15 395 578001
a 15 390 586001
a 15 390 628001
a 15 397 635001
a 15 209 636001
a 15 209 644001
a 15 15 0
a 15 452 641001
a 15 452 642001
a 15 452 646001
a 15 457 626001
a 16 362 579001
a 16 90 587001
a 16 90 593001
a 16 90 594001
a 16 362 662001
a 16 16 0
a 17 209 618001
a 17 17 0
a 18 208 620001
a 18 375 663001
a 18 208 693001
a 18 18 0
a 19 128 590001
a 19 425 623001
a 19 128 629001
a 19 70 638001
a 19 347 640001
a 19 128 650001
a 19 317 652001
a 19 60 653001
a 19 347 655001
a 19 70 659001
a 19 128 669001
a 19 92 676001
a 19 128 688001
a 19 281 697001
a 19 86 700001
a 19 128 706001
a 19 19 0
a 19 449 580001
a 19 449 588001
a 19 449 621001
a 19 449 624001
a 19 449 630001
a 19 449 677001
a 19 457 665001
a 19 457 674001
a 19 457 685001
a 20 28 584001
a 20 28 585001
a 20 20 0
a 21 208 577001
a 21 208 625001
a 21 21 0
a 22 39 589001
a 22 39 598001
a 22 39 656001
a 22 254 664001
a 22 22 0
a 23 119 9004
a 23 119 11004
a 23 241 37003
a 23 90 213006
a 23 362 213009
a 23 362 263005
a 23 70 275005
a 23 335 400003
a 23 241 407003
a 23 290 444007
a 23 353 452002
a 23 321 473003
a 23 74 478005
a 23 241 483004
a 23 70 496006
a 23 151 533005
a 23 362 618010
a 23 365 619007
a 23 90 619011
a 23 306 625003
a 23 347 639002
a 23 90 639006
a 23 23 0
a 23 449 577003
a 23 457 499002
a 24 68 313003
a 24 24 0
a 25 0 215008
a 25 25 0
a 26 75 274002
a 26 26 0
a 27 390 424001
a 27 397 494001
a 27 209 626010
a 27 67 633004
a 27 27 0
a 27 459 465004
a 28 0 5003
a 28 0 19004
a 28 0 83004
a 28 0 86005
a 28 0 140005
a 28 0 180004
a 28 0 258003
a 28 0 375003
a 28 0 377005
a 28 0 460005
a 28 0 530003
a 28 0 535003
a 28 0 553004
a 28 0 557001
a 28 0 566003
a 28 0 584002
a 28 0 585002
a 28 0 643005
a 28 0 673004
a 28 156 690002
a 28 0 705008
a 28 28 0
a 29 35 677007
a 29 29 0
a 30 269 441006
a 30 30 0
a 31 403 514001
a 31 390 676004
a 31 31 0
a 32 437 354002
a 32 235 532002
a 32 32 0
a 33 35 657007
a 33 33 0
a 34 56 627003
a 34 421 628005
a 34 256 685003
a 34 277 688003
a 34 321 699002
a 34 34 0
a 35 90 33002
a 35 23 37002
a 35 210 45001
a 35 390 48003
a 35 52 52002
a 35 362 55002
a 35 362 58002
a 35 362 61002
a 35 90 71001
a 35 362 78002
a 35 90 110006
a 35 90 172004
a 35 90 196006
a 35 390 205001
a 35 0 207004
a 35 393 211001
a 35 23 213008
a 35 393 220001
a 35 397 221001
a 35 390 227001
a 35 351 233001
a 35 209 241001
a 35 241 243002
a 35 390 247004
a 35 209 250001
a 35 0 250009
a 35 251 253001
a 35 99 256001
a 35 209 259001
a 35 390 261004
a 35 26 274001
a 35 90 277002
a 35 75 295001
a 35 160 309005
a 35 90 323002
a 35 90 327004
a 35 90 329002
a 35 341 346001
a 35 263 353001
a 35 263 355001
a 35 396 359001
a 35 398 360001
a 35 209 362001
a 35 101 372001
a 35 192 391001
a 35 301 398001
a 35 390 403001
a 35 88 413001
a 35 393 417001
a 35 81 420001
a 35 397 421001
a 35 160 421005
a 35 209 423001
a 35 209 426001
a 35 393 431001
a 35 90 435002
a 35 362 541002
a 35 160 568006
a 35 273 578008
a 35 397 582007
a 35 128 594007
a 35 393 601005
a 35 378 606001
a 35 253 609001
a 35 90 611002
a 35 23 639005
a 35 390 641007
a 35 390 649006
a 35 390 654002
a 35 390 656008
a 35 208 657008
a 35 179 658007
a 35 302 659005
a 35 90 662003
a 35 372 665006
a 35 209 669004
a 35 302 672004
a 35 323 674005
a 35 372 677008
a 35 334 686003
a 35 128 692005
a 35 67 694005
a 35 49 695007
a 35 256 696004
a 35 372 698008
a 35 309 702004
a 35 256 704003
a 35 104 705005
a 35 75 707004
a 35 35 0
a 35 447 504001
a 35 447 505002
a 35 447 586008
a 35 447 626006
a 35 450 509005
a 35 450 521002
a 35 450 87002
a 35 450 91002
a 35 450 544002
a 35 452 640007
a 35 452 651004
a 35 452 655009
a 35 453 209004
a 35 457 175002
a 35 457 191002
a 35 457 272006
a 35 457 366001
a 35 457 428001
a 35 457 558001
a 35 457 568001
a 35 457 655004
a 35 457 656012
a 35 457 706004
a 35 457 168002
a 35 457 291002
a 35 457 293002
a 35 457 302002
a 35 457 336002
a 35 457 600005
a 35 459 198002
a 35 459 268003
a 35 459 438009
a 35 459 475003
a 35 459 103002
a 35 460 169001
a 35 460 184001
a 35 460 681004
a 36 362 224002
a 36 36 0
a 37 0 614003
a 37 37 0
a 38 38 0
a 38 450 185002
a 39 385 198004
a 39 194 199001
a 39 257 227005
a 39 263 268005
a 39 263 292002
a 39 408 475005
a 39 89 521004
a 39 172 524006
a 39 262 531004
a 39 385 532005
a 39 315 555003
a 39 194 556001
a 39 89 570002
a 39 425 578003
a 39 385 582005
a 39 181 582009
a 39 202 589002
a 39 95 598002
a 39 152 623004
a 39 287 654006
a 39 257 655006
a 39 384 656002
a 39 287 656014
a 39 39 0
a 40 0 567007
a 40 40 0
a 41 0 3002
a 41 0 18003
a 41 390 36003
a 41 0 49004
a 41 0 108003
a 41 0 136003
a 41 0 154003
a 41 0 192003
a 41 0 214004
a 41 0 249003
a 41 90 272004
a 41 0 281003
a 41 390 292005
a 41 0 450007
a 41 0 459004
a 41 28 460004
a 41 390 477005
a 41 0 480005
a 41 200 484002
a 41 443 543003
a 41 0 552003
a 41 0 562003
a 41 0 569002
a 41 390 598004
a 41 0 602003
a 41 0 612003
a 41 0 620004
a 41 308 665009
a 41 41 0
a 41 450 518005
a 41 456 233006
a 41 456 278004
a 41 456 296003
a 41 456 306003
a 41 456 307004
a 41 456 396004
a 41 456 524010
a 41 456 541005
a 41 456 700007
a 41 457 29003
a 42 125 112001
a 42 199 292008
a 42 42 0
a 43 102 69003
a 43 211 663004
a 43 211 671003
a 43 390 678003
a 43 401 683004
a 43 43 0
a 43 460 645003
a 44 407 519002
a 44 44 0
a 45 0 74003
a 45 163 225004
a 45 0 423004
a 45 0 604003
a 45 163 670004
a 45 163 684002
a 45 163 697005
a 45 45 0
a 46 0 502007
a 46 46 0
a 47 0 256008
a 47 47 0
a 48 200 2003
a 48 202 6002
a 48 200 14003
a 48 407 25003
a 48 200 50004
a 48 200 51004
a 48 205 102004
a 48 205 102009
a 48 35 309004
a 48 205 328005
a 48 200 335003
a 48 202 349003
a 48 202 378003
a 48 200 485002
a 48 200 493004
a 48 35 568005
a 48 48 0
a 49 407 695008
a 49 49 0
a 50 0 137002
a 50 0 706007
a 50 50 0
a 51 35 421004
a 51 51 0
a 52 338 37005
a 52 171 41002
a 52 106 42002
a 52 144 52003
a 52 81 242003
a 52 230 247007
a 52 81 251002
a 52 437 252003
a 52 35 261003
a 52 256 342002
a 52 0 346006
a 52 388 347002
a 52 171 364002
a 52 337 365002
a 52 256 369002
a 52 169 373002
a 52 428 380006
a 52 200 385008
a 52 52 0
a 53 231 248002
a 53 99 427003
a 53 53 0
a 54 60 457006
a 54 54 0
a 55 350 450005
a 55 54 457005
a 55 126 479004
a 55 55 0
a 56 209 372004
a 56 0 627004
a 56 56 0
a 57 87 325003
a 57 57 0
a 58 390 384002
a 58 392 625005
a 58 58 0
a 58 460 267005
a 59 0 222009
a 59 59 0
a 60 0 38004
a 60 364 48005
a 60 70 102001
a 60 360 225007
a 60 324 226009
a 60 0 242009
a 60 70 271002
a 60 64 437001
a 60 63 438001
a 60 64 439004
a 60 63 440001
a 60 63 443001
a 60 63 445001
a 60 63 447001
a 60 63 451001
a 60 63 457007
a 60 63 458001
a 60 63 463001
a 60 64 471001
a 60 63 476001
a 60 64 480001
a 60 63 483001
a 60 96 509002
a 60 71 618007
a 60 70 653002
a 60 70 657003
a 60 60 0
a 61 61 0
a 62 0 407005
a 62 62 0
a 63 104 438002
a 63 35 438008
a 63 387 440002
a 63 104 441002
a 63 88 443002
a 63 169 445002
a 63 101 447002
a 63 333 450002
a 63 310 451002
a 63 0 456004
a 63 333 457002
a 63 0 457008
a 63 326 458002
a 63 41 459003
a 63 41 460003
a 63 0 461003
a 63 323 463002
a 63 208 468002
a 63 208 472002
a 63 35 475002
a 63 208 476002
a 63 169 483002
a 63 63 0
a 64 188 437002
a 64 354 439005
a 64 375 471002
a 64 89 480002
a 64 64 0
a 65 390 200003
a 65 390 222004
a 65 65 0
a 66 0 403010
a 66 66 0
a 67 347 503001
a 67 239 511003
a 67 390 633005
a 67 321 694006
a 67 67 0
a 68 269 276002
a 68 269 311004
a 68 269 313004
a 68 112 322005
a 68 315 369006
a 68 230 379006
a 68 230 516004
a 68 112 577009
a 68 0 660004
a 68 269 682013
a 68 269 686008
a 68 68 0
a 69 270 430005
a 69 69 0
a 70 99 10001
a 70 275 12001
a 70 98 63001
a 70 0 89005
a 70 0 92002
a 70 208 100002
a 70 171 102002
a 70 0 105003
a 70 0 194007
a 70 0 197004
a 70 0 204004
a 70 0 206004
a 70 0 209006
a 70 0 229006
a 70 0 231005
a 70 0 235007
a 70 418 243004
a 70 35 247003
a 70 35 250008
a 70 99 254003
a 70 230 261007
a 70 200 271003
a 70 0 275006
a 70 0 276004
a 70 0 288008
a 70 0 303006
a 70 0 304003
a 70 0 311006
a 70 0 312003
a 70 0 313006
a 70 0 314007
a 70 0 316004
a 70 0 317003
a 70 0 320003
a 70 0 321002
a 70 0 322008
a 70 0 324006
a 70 0 331002
a 70 0 334004
a 70 0 490002
a 70 159 491002
a 70 0 496007
a 70 0 510005
a 70 0 523006
a 70 0 631006
a 70 208 638002
a 70 35 639004
a 70 208 640003
a 70 179 641010
a 70 0 642007
a 70 0 644007
a 70 208 649002
a 70 208 649009
a 70 208 653003
a 70 39 654005
a 70 35 655003
a 70 35 656011
a 70 208 657004
a 70 128 659002
a 70 35 692004
a 70 70 0
a 71 287 285005
a 71 42 292007
a 71 225 324002
a 71 109 618008
a 71 362 695003
a 71 71 0
a 72 0 241008
a 72 72 0
a 73 39 531003
a 73 73 0
a 74 157 478006
a 74 74 0
a 75 209 274003
a 75 209 295002
a 75 133 446001
a 75 209 707005
a 75 75 0
a 75 456 211004
a 75 460 637002
a 75 460 601007
a 76 104 546001
a 76 76 0
a 77 133 426003
a 77 77 0
a 77 456 239001
a 77 460 173002
a 77 460 576001
a 78 78 0
a 78 460 658009
a 79 263 47001
a 79 377 244001
a 79 210 493001
a 79 83 628010
a 79 79 0
a 80 390 241005
a 80 390 250005
a 80 80 0
a 80 450 325005
a 80 460 534003
a 80 460 537004
a 81 201 213004
a 81 283 237001
a 81 283 240002
a 81 205 242004
a 81 205 251003
a 81 407 420002
a 81 81 0
a 81 453 197002
a 81 453 204002
a 81 453 206002
a 81 453 596002
a 82 82 0
a 82 450 196004
a 83 0 628011
a 83 83 0
a 84 120 120001
a 84 121 161003
a 84 120 674003
a 84 84 0
a 85 82 196003
a 85 85 0
a 86 90 77002
a 86 134 435004
a 86 110 700002
a 86 86 0
a 86 457 651009
a 87 80 241004
a 87 80 250004
a 87 80 325004
a 87 0 488003
a 87 87 0
a 87 450 523003
a 88 390 413002
a 88 392 443003
a 88 241 461001
a 88 67 511002
a 88 88 0
a 88 450 172002
a 88 450 510002
a 88 457 410002
a 88 459 68003
a 89 390 232002
a 89 390 233004
a 89 390 388005
a 89 390 402003
a 89 390 422005
a 89 0 431004
a 89 390 433004
a 89 392 480003
a 89 134 521005
a 89 134 570003
a 89 390 644004
a 89 392 655012
a 89 390 698010
a 89 89 0
a 89 450 207002
a 89 452 99003
a 89 452 100004
a 89 457 646004
a 89 457 649004
a 89 459 230002
a 90 437 8001
a 90 255 9001
a 90 255 11001
a 90 171 22001
a 90 256 23001
a 90 256 25001
a 90 171 28001
a 90 228 33003
a 90 35 55001
a 90 256 57001
a 90 35 58001
a 90 256 59001
a 90 35 61001
a 90 362 65001
a 90 376 69001
a 90 138 71002
a 90 323 74001
a 90 0 77003
a 90 35 78001
a 90 202 110007
a 90 372 116001
a 90 372 124001
a 90 378 125001
a 90 256 126001
a 90 256 127001
a 90 171 128001
a 90 372 129001
a 90 260 130001
a 90 0 131003
a 90 378 132001
a 90 372 133001
a 90 378 134001
a 90 372 135001
a 90 117 136001
a 90 270 172005
a 90 0 196007
a 90 35 213007
a 90 208 267001
a 90 171 269001
a 90 35 272005
a 90 103 277003
a 90 437 298001
a 90 230 300001
a 90 228 323003
a 90 200 327005
a 90 230 329003
a 90 86 435003
a 90 175 501001
a 90 171 534001
a 90 377 564001
a 90 377 566001
a 90 139 587002
a 90 208 593002
a 90 179 594002
a 90 256 603001
a 90 256 607001
a 90 254 611003
a 90 424 612001
a 90 0 613003
a 90 0 619012
a 90 180 639007
a 90 138 662004
a 90 215 694001
a 90 90 0
a 90 456 4001
a 91 242 46002
a 91 257 561001
a 91 91 0
a 92 362 140001
a 92 368 676002
a 92 441 682008
a 92 92 0
a 92 450 229003
a 92 457 265002
a 93 41 192002
a 93 93 0
a 93 456 5001
a 94 0 484004
a 94 41 518004
a 94 41 524009
a 94 390 605002
a 94 94 0
a 95 41 598003
a 95 95 0
a 96 96 0
a 96 449 509003
a 97 0 406004
a 97 171 409002
a 97 97 0
a 98 0 63002
a 98 345 366005
a 98 98 0
a 99 0 10002
a 99 0 54002
a 99 0 165002
a 99 0 174002
a 99 390 254004
a 99 390 256002
a 99 0 284002
a 99 0 427004
a 99 0 436002
a 99 0 528003
a 99 0 590004
a 99 0 594010
a 99 99 0
a 99 456 385004
a 99 456 390004
a 99 457 1001
a 99 460 515003
a 99 460 526002
a 99 460 560002
a 99 460 575001
a 100 408 227007
a 100 408 318003
a 100 100 0
a 101 0 16002
a 101 0 24002
a 101 270 60002
a 101 279 62002
a 101 144 75002
a 101 144 79002
a 101 0 107001
a 101 0 109003
a 101 443 110003
a 101 0 152002
a 101 0 155002
a 101 0 160003
a 101 0 169003
a 101 0 184003
a 101 0 189002
a 101 390 212002
a 101 70 229005
a 101 0 264002
a 101 70 312002
a 101 70 316003
a 101 70 321001
a 101 0 338001
a 101 390 343002
a 101 0 405002
a 101 35 659004
a 101 0 681006
a 101 0 692007
a 101 35 706003
a 101 101 0
a 101 456 158002
a 101 456 210001
a 101 456 273002
a 101 456 294002
a 101 457 372002
a 101 460 43003
a 101 460 83002
a 101 460 96001
a 101 460 270002
a 101 460 290002
a 101 460 411003
a 101 460 416001
a 101 460 447003
a 101 460 466001
a 101 460 486001
a 101 460 507002
a 101 460 540001
a 101 460 559001
a 101 460 601003
a 102 0 69004
a 102 428 499004
a 102 102 0
a 102 456 205005
a 103 200 265004
a 103 200 277004
a 103 200 449006
a 103 408 617002
a 103 425 619002
a 103 103 0
a 103 453 621008
a 103 453 622005
a 104 283 97002
a 104 283 345001
a 104 287 438003
a 104 407 441003
a 104 287 455001
a 104 283 546002
a 104 285 698003
a 104 283 705006
a 104 104 0
a 104 453 53002
a 104 453 334002
a 105 0 550005
a 105 283 580007
a 105 105 0
a 106 106 0
a 106 457 42003
a 107 0 483006
a 107 107 0
a 108 362 130003
a 108 108 0
a 109 23 618009
a 109 109 0
a 110 257 307002
a 110 157 700003
a 110 110 0
a 111 155 630004
a 111 111 0
a 112 0 9006
a 112 0 11006
a 112 0 176004
a 112 0 187006
a 112 269 260005
a 112 269 269006
a 112 70 288007
a 112 269 322006
a 112 269 369009
a 112 0 379009
a 112 0 394005
a 112 0 409006
a 112 0 448004
a 112 0 549004
a 112 0 577010
a 112 0 593007
a 112 0 648005
a 112 0 689007
a 112 112 0
a 113 212 44004
a 113 113 0
a 113 459 471004
a 114 0 23004
a 114 212 51002
a 114 390 406002
a 114 114 0
a 114 459 467001
a 115 0 195001
a 115 115 0
a 116 269 449002
a 116 116 0
a 117 41 136002
a 117 117 0
a 118 0 217002
a 118 23 400002
a 118 118 0
a 119 112 9005
a 119 112 11005
a 119 119 0
a 120 0 120002
a 120 35 674004
a 120 0 677013
a 120 269 682005
a 120 120 0
a 121 0 161004
a 121 121 0
a 122 0 582012
a 122 122 0
a 123 163 117002
a 123 123 0
a 124 389 458007
a 124 124 0
a 125 209 19002
a 125 125 0
a 125 457 112002
a 126 298 479005
a 126 126 0
a 127 124 458006
a 127 127 0
a 128 275 7001
a 128 277 17001
a 128 277 21001
a 128 101 24001
a 128 277 26001
a 128 274 35002
a 128 277 40001
a 128 269 94002
a 128 277 98001
a 128 277 101001
a 128 277 104001
a 128 0 186002
a 128 101 264001
a 128 0 273004
a 128 372 286001
a 128 208 287001
a 128 0 294004
a 128 101 405001
a 128 99 436001
a 128 0 446003
a 128 0 462004
a 128 0 464002
a 128 208 548001
a 128 208 590002
a 128 208 594008
a 128 208 629002
a 128 208 650002
a 128 101 659003
a 128 277 669002
a 128 34 688002
a 128 101 692006
a 128 101 706002
a 128 128 0
a 129 99 284001
a 129 129 0
a 130 105 580006
a 130 130 0
a 131 269 403007
a 131 131 0
a 132 272 578010
a 132 208 579005
a 132 132 0
a 133 0 144002
a 133 0 190004
a 133 0 193004
a 133 0 252005
a 133 0 357002
a 133 0 365004
a 133 0 367004
a 133 407 379003
a 133 0 428004
a 133 128 446002
a 133 413 513003
a 133 0 694008
a 133 133 0
a 133 460 426004
a 134 279 30004
a 134 0 48009
a 134 279 117004
a 134 279 199003
a 134 279 219003
a 134 279 221005
a 134 279 348005
a 134 279 430007
a 134 279 435005
a 134 279 521006
a 134 279 531007
a 134 279 533003
a 134 279 555007
a 134 279 556003
a 134 279 570004
a 134 279 623007
a 134 134 0
a 135 275 386002
a 135 135 0
a 136 362 337002
a 136 362 340005
a 136 362 341002
a 136 362 343004
a 136 362 344005
a 136 362 349006
a 136 362 351005
a 136 136 0
a 137 390 387002
a 137 40 567006
a 137 137 0
a 138 330 55004
a 138 0 65003
a 138 0 70003
a 138 0 71003
a 138 390 529004
a 138 390 589011
a 138 390 649013
a 138 0 662005
a 138 138 0
a 139 390 395004
a 139 390 587003
a 139 390 639009
a 139 390 647003
a 139 139 0
a 139 456 301002
a 139 456 326001
a 139 456 418003
a 140 70 320002
a 140 140 0
a 140 452 82002
a 140 456 113002
a 140 456 282002
a 140 456 283002
a 140 456 310004
a 140 456 330002
a 140 456 681002
a 141 407 200005
a 141 157 222006
a 141 269 676011
a 141 269 685007
a 141 0 704008
a 141 141 0
a 141 457 691004
a 142 163 635003
a 142 142 0
a 142 456 492004
a 143 230 13001
a 143 378 148001
a 143 143 0
a 144 390 52004
a 144 0 67003
a 144 0 75003
a 144 0 76003
a 144 0 79003
a 144 390 103004
a 144 390 414005
a 144 144 0
a 144 452 262004
a 145 228 78004
a 145 145 0
a 146 146 0
a 146 456 419002
a 147 0 45003
a 147 0 47004
a 147 147 0
a 148 0 73001
a 148 70 105002
a 148 70 317002
a 148 148 0
a 148 452 88002
a 148 456 315001
a 149 0 127004
a 149 0 145003
a 149 0 150004
a 149 35 655008
a 149 149 0
a 150 0 699004
a 150 150 0
a 151 406 533006
a 151 151 0
a 152 0 167005
a 152 443 592004
a 152 443 623005
a 152 152 0
a 153 0 442002
a 153 153 0
a 154 390 588003
a 154 154 0
a 155 390 38002
a 155 209 162003
a 155 41 272003
a 155 209 586011
a 155 392 597003
a 155 209 684008
a 155 0 691006
a 155 155 0
a 155 457 360003
a 155 457 630005
a 156 90 131002
a 156 390 404002
a 156 90 613002
a 156 209 675002
a 156 209 687002
a 156 0 690003
a 156 156 0
a 156 457 281001
a 157 390 222007
a 157 209 473005
a 157 209 478007
a 157 425 700004
a 157 157 0
a 158 191 238003
a 158 158 0
a 159 0 491003
a 159 159 0
a 160 0 309006
a 160 0 421006
a 160 407 568007
a 160 160 0
a 161 35 672003
a 161 35 695006
a 161 161 0
a 162 0 578013
a 162 0 600010
a 162 0 701006
a 162 162 0
a 163 134 117003
a 163 390 225005
a 163 390 635004
a 163 390 684003
a 163 209 697006
a 163 163 0
a 163 457 670005
a 164 28 673003
a 164 164 0
a 165 289 698006
a 165 165 0
a 166 0 254006
a 166 0 255005
a 166 272 256004
a 166 0 621010
a 166 0 622007
a 166 166 0
a 167 200 505004
a 167 0 514004
a 167 167 0
a 168 284 194004
a 168 25 215007
a 168 202 226006
a 168 283 243007
a 168 283 278008
a 168 205 496004
a 168 283 640012
a 168 168 0
a 168 453 638006
a 169 415 347004
a 169 231 371004
a 169 283 373003
a 169 283 412002
a 169 247 445003
a 169 23 483003
a 169 283 495002
a 169 169 0
a 170 205 168004
a 170 270 191004
a 170 283 350004
a 170 27 465003
a 170 270 482002
a 170 41 541004
a 170 170 0
a 171 202 20002
a 171 202 22002
a 171 283 27002
a 171 283 28002
a 171 200 31002
a 171 200 41003
a 171 205 86002
a 171 205 90002
a 171 48 102003
a 171 48 102008
a 171 428 128002
a 171 50 137001
a 171 202 183002
a 171 200 209002
a 171 428 269002
a 171 48 335002
a 171 202 340002
a 171 48 349002
a 171 202 361002
a 171 202 364003
a 171 48 378002
a 171 200 403004
a 171 407 409003
a 171 200 415002
a 171 407 453001
a 171 407 470001
a 171 48 485001
a 171 80 534002
a 171 428 537002
a 171 41 543002
a 171 202 545002
a 171 202 626003
a 171 407 682010
a 171 202 705002
a 171 171 0
a 171 453 188002
a 172 48 6001
a 172 41 36002
a 172 41 396003
a 172 272 469004
a 172 202 508003
a 172 200 518002
a 172 200 524007
a 172 48 568004
a 172 27 626009
a 172 172 0
a 173 287 594004
a 173 173 0
a 173 453 600008
a 174 0 479007
a 174 174 0
a 175 219 34003
a 175 415 382002
a 175 304 393002
a 175 45 423003
a 175 247 425002
a 175 87 488002
a 175 205 497002
a 175 200 498003
a 175 283 501002
a 175 175 0
a 175 453 231003
a 176 103 449005
a 176 321 477003
a 176 176 0
a 177 0 408010
a 177 177 0
a 178 112 369008
a 178 112 379008
a 178 178 0
a 179 275 580003
a 179 173 594003
a 179 381 622003
a 179 192 641011
a 179 192 643002
a 179 139 647002
a 179 78 658008
a 179 179 0
a 180 173 600007
a 180 139 639008
a 180 180 0
a 181 352 582010
a 181 181 0
a 182 75 211003
a 182 118 217001
a 182 214 218001
a 182 437 236001
a 182 182 0
a 183 421 216001
a 183 89 233003
a 183 294 487001
a 183 183 0
a 184 221 400007
a 184 184 0
a 185 23 452001
a 185 185 0
a 186 209 424005
a 186 186 0
a 187 212 39002
a 187 187 0
a 188 0 80003
a 188 200 81003
a 188 0 437003
a 188 188 0
a 189 0 481003
a 189 189 0
a 190 48 50003
a 190 190 0
a 191 435 216005
a 191 435 238004
a 191 191 0
a 192 205 348003
a 192 198 401002
a 192 390 420004
a 192 134 533002
a 192 209 641012
a 192 209 643003
a 192 192 0
a 192 447 178002
a 192 447 399003
a 192 450 179002
a 192 450 180002
a 192 457 352004
a 192 457 434005
a 192 460 391002
a 193 209 362003
a 193 209 375001
a 193 193 0
a 193 447 377003
a 193 460 190002
a 193 460 547001
a 193 460 707002
a 193 464 374003
a 194 134 199002
a 194 134 219002
a 194 134 221004
a 194 134 556002
a 194 390 642004
a 194 194 0
a 194 460 595004
a 195 0 580011
a 195 0 587005
a 195 0 589013
a 195 0 596004
a 195 0 598006
a 195 195 0
a 196 442 589005
a 196 196 0
a 197 68 577008
a 197 197 0
a 198 198 0
a 198 457 401003
a 199 382 292009
a 199 199 0
a 200 0 2004
a 200 0 14004
a 200 0 31003
a 200 407 41004
a 200 390 50005
a 200 390 51005
a 200 362 58004
a 200 390 185004
a 200 390 187004
a 200 35 209003
a 200 0 238006
a 200 23 263004
a 200 0 265005
a 200 58 267004
a 200 0 271004
a 200 23 275004
a 200 0 277005
a 200 390 346003
a 200 0 369013
a 200 0 385009
a 200 382 387006
a 200 390 403005
a 200 23 444006
a 200 0 449007
a 200 390 476004
a 200 94 484003
a 200 0 493005
a 200 0 498004
a 200 390 505005
a 200 0 512004
a 200 94 518003
a 200 94 524008
a 200 0 536003
a 200 211 577006
a 200 390 648003
a 200 279 677011
a 200 390 682003
a 200 200 0
a 200 452 81004
a 200 452 267007
a 200 456 201003
a 200 456 202003
a 200 456 268007
a 200 456 327006
a 200 456 335004
a 200 456 382004
a 200 456 393004
a 200 456 679005
a 200 460 415003
a 200 460 485003
a 201 23 213005
a 201 201 0
a 202 0 6003
a 202 0 8003
a 202 0 20003
a 202 0 22003
a 202 390 46004
a 202 0 110008
a 202 0 171003
a 202 390 226007
a 202 39 227004
a 202 390 340003
a 202 390 349004
a 202 0 354004
a 202 0 364004
a 202 390 439007
a 202 390 545003
a 202 0 574003
a 202 390 589003
a 202 79 628009
a 202 0 653005
a 202 0 659008
a 202 0 693004
a 202 202 0
a 202 447 224005
a 202 447 378004
a 202 456 183003
a 202 456 236003
a 202 456 361003
a 202 456 397003
a 202 456 429002
a 202 456 432004
a 202 456 520003
a 202 456 621003
a 202 456 626004
a 202 456 632005
a 202 456 667003
a 202 456 705003
a 202 457 215002
a 202 457 223004
a 202 460 508004
a 203 0 509008
a 203 203 0
a 204 58 384001
a 204 204 0
a 205 391 102005
a 205 390 175005
a 205 134 348004
a 205 23 496005
a 205 390 500007
a 205 390 502005
a 205 390 549002
a 205 205 0
a 205 452 86003
a 205 452 90003
a 205 452 242005
a 205 452 259004
a 205 452 246003
a 205 456 102010
a 205 456 168005
a 205 456 251004
a 205 456 297003
a 205 456 298003
a 205 456 308004
a 205 456 328006
a 205 456 489002
a 205 456 497003
a 206 0 339004
a 206 0 359006
a 206 206 0
a 207 442 680003
a 207 207 0
a 208 147 47003
a 208 188 80002
a 208 188 81002
a 208 89 99002
a 208 89 100003
a 208 65 200002
a 208 89 207001
a 208 257 214002
a 208 371 215004
a 208 65 222003
a 208 202 223003
a 208 257 225002
a 208 89 232001
a 208 395 235003
a 208 380 263002
a 208 380 267002
a 208 155 272002
a 208 380 275002
a 208 257 278002
a 208 275 287002
a 208 301 303002
a 208 339 332002
a 208 420 386006
a 208 89 388004
a 208 172 396002
a 208 89 402002
a 208 287 468003
a 208 345 472003
a 208 200 476003
a 208 172 508002
a 208 314 517002
a 208 202 520002
a 208 276 522002
a 208 99 528002
a 208 339 548002
a 208 105 550004
a 208 276 565003
a 208 172 568003
a 208 23 577002
a 208 258 579003
a 208 373 579006
a 208 385 581004
a 208 322 586004
a 208 155 586010
a 208 99 590003
a 208 276 591002
a 208 152 592003
a 208 272 593003
a 208 99 594009
a 208 194 595003
a 208 155 597002
a 208 375 599002
a 208 273 618005
a 208 23 619006
a 208 23 619010
a 208 257 620002
a 208 421 621005
a 208 0 624003
a 208 23 625002
a 208 172 626008
a 208 34 627002
a 208 34 628004
a 208 344 629003
a 208 111 630003
a 208 202 632004
a 208 322 633002
a 208 375 634002
a 208 356 636003
a 208 421 638003
a 208 356 640004
a 208 421 640009
a 208 287 641003
a 208 194 642003
a 208 89 644003
a 208 43 645002
a 208 89 646003
a 208 200 648002
a 208 89 649003
a 208 421 649010
a 208 276 650003
a 208 322 651002
a 208 421 651006
a 208 339 652003
a 208 202 653004
a 208 89 655011
a 208 230 657005
a 208 356 657009
a 208 287 658003
a 208 230 693002
a 208 208 0
a 209 125 19001
a 209 28 19003
a 209 434 25006
a 209 378 143001
a 209 0 151005
a 209 0 162004
a 209 434 241002
a 209 434 250002
a 209 437 259002
a 209 0 274004
a 209 0 285008
a 209 0 295003
a 209 275 353003
a 209 256 356002
a 209 193 362002
a 209 407 362004
a 209 0 372005
a 209 28 375002
a 209 270 417004
a 209 175 423002
a 209 0 424006
a 209 175 425001
a 209 77 426002
a 209 192 434004
a 209 0 473006
a 209 283 474002
a 209 0 478008
a 209 283 527002
a 209 0 538002
a 209 208 581003
a 209 0 586012
a 209 256 608001
a 209 333 618002
a 209 179 622002
a 209 0 626011
a 209 208 636002
a 209 0 641013
a 209 28 643004
a 209 208 644002
a 209 208 658002
a 209 256 669005
a 209 0 675003
a 209 0 684009
a 209 0 687003
a 209 0 697007
a 209 104 698002
a 209 378 703005
a 209 171 705001
a 209 0 707006
a 209 209 0
a 210 147 45002
a 210 356 355003
a 210 200 369012
a 210 89 433003
a 210 301 493002
a 210 172 518001
a 210 32 532001
a 210 433 552001
a 210 210 0
a 211 197 577007
a 211 195 580010
a 211 295 663005
a 211 292 665004
a 211 295 671004
a 211 211 0
a 212 0 39003
a 212 0 44005
a 212 48 51003
a 212 212 0
a 213 209 151004
a 213 213 0
a 214 390 218002
a 214 214 0
a 215 392 506002
a 215 390 694002
a 215 215 0
a 216 175 34002
a 216 437 228002
a 216 175 231002
a 216 192 352003
a 216 139 418002
a 216 437 432002
a 216 175 498002
a 216 418 500002
a 216 301 502002
a 216 230 503004
a 216 99 515002
a 216 87 523002
a 216 216 0
a 217 194 221003
a 217 257 697003
a 217 217 0
a 217 460 408006
a 218 272 610001
a 218 257 666002
a 218 322 702002
a 218 218 0
a 219 219 0
a 219 453 34004
a 220 220 0
a 220 460 512002
a 221 269 280002
a 221 269 400008
a 221 269 430003
a 221 221 0
a 222 444 469001
a 222 222 0
a 223 209 527001
a 223 223 0
a 224 224 0
a 224 460 193002
a 225 363 44002
a 225 362 66001
a 225 362 67001
a 225 362 68001
a 225 362 70001
a 225 362 308001
a 225 362 309001
a 225 362 314001
a 225 362 316001
a 225 362 319001
a 225 140 320001
a 225 362 322001
a 225 71 324001
a 225 362 324003
a 225 225 0
a 226 362 371002
a 226 362 385002
a 226 362 387004
a 226 362 388002
a 226 362 390002
a 226 226 0
a 227 155 684007
a 227 227 0
a 228 0 33004
a 228 330 78005
a 228 390 114005
a 228 390 208002
a 228 0 291004
a 228 390 293004
a 228 330 323004
a 228 0 494003
a 228 0 544004
a 228 228 0
a 229 0 539002
a 229 211 665003
a 229 229 0
a 229 452 84002
a 229 452 85002
a 229 456 95002
a 229 456 111002
a 229 456 170002
a 229 456 279001
a 229 456 289002
a 229 456 333002
a 230 390 15004
a 230 390 234002
a 230 0 247008
a 230 0 261008
a 230 390 302004
a 230 0 329004
a 230 0 336004
a 230 0 358002
a 230 178 379007
a 230 390 389005
a 230 0 429004
a 230 0 503005
a 230 269 516005
a 230 390 567004
a 230 33 657006
a 230 112 689006
a 230 202 693003
a 230 230 0
a 230 456 13002
a 230 456 299002
a 230 456 300002
a 231 283 371005
a 231 231 0
a 231 456 248003
a 232 232 0
a 232 456 536001
a 233 277 106002
a 233 101 109002
a 233 101 110002
a 233 101 160002
a 233 233 0
a 234 43 663003
a 234 234 0
a 235 210 433002
a 235 209 434003
a 235 398 478002
a 235 397 532003
a 235 397 582003
a 235 235 0
a 235 447 422002
a 236 303 48007
a 236 236 0
a 237 216 352002
a 237 237 0
a 238 0 605004
a 238 238 0
a 239 336 511004
a 239 239 0
a 240 363 203002
a 240 63 441001
a 240 240 0
a 241 128 35001
a 241 52 37004
a 241 52 41001
a 241 70 100001
a 241 363 205003
a 241 363 226002
a 241 92 229002
a 241 72 241007
a 241 52 242002
a 241 70 243003
a 241 70 247002
a 241 52 247006
a 241 70 250007
a 241 52 252002
a 241 70 254002
a 241 47 256007
a 241 52 261002
a 241 70 261006
a 241 62 407004
a 241 63 438007
a 241 176 449004
a 241 63 450001
a 241 63 456003
a 241 63 457001
a 241 63 459002
a 241 63 460002
a 241 63 461002
a 241 63 468001
a 241 63 472001
a 241 63 475001
a 241 176 477002
a 241 107 483005
a 241 366 524002
a 241 336 525003
a 241 241 0
a 242 202 46003
a 242 242 0
a 243 190 50002
a 243 243 0
a 244 235 422001
a 244 235 433001
a 244 235 434002
a 244 235 478001
a 244 235 582002
a 244 244 0
a 245 291 674009
a 245 245 0
a 246 0 400010
a 246 246 0
a 247 0 425003
a 247 0 445004
a 247 247 0
a 248 23 473002
a 248 209 474001
a 248 248 0
a 249 23 478004
a 249 249 0
a 250 241 438006
a 250 250 0
a 251 251 0
a 251 452 253002
a 252 0 505007
a 252 0 513006
a 252 252 0
a 253 85 196002
a 253 267 213002
a 253 0 608004
a 253 0 609002
a 253 253 0
a 254 48 2002
a 254 270 61004
a 254 270 87004
a 254 205 175004
a 254 24 313002
a 254 100 318002
a 254 45 604002
a 254 0 611004
a 254 37 614002
a 254 202 628008
a 254 413 664002
a 254 43 683003
a 254 254 0
a 254 453 701004
a 255 407 9002
a 255 407 11002
a 255 41 296002
a 255 0 392002
a 255 202 397002
a 255 133 513002
a 255 255 0
a 255 453 176002
a 256 407 23002
a 256 48 25002
a 256 0 57002
a 256 283 59002
a 256 0 66003
a 256 0 126002
a 256 311 127002
a 256 133 144001
a 256 311 145001
a 256 407 181002
a 256 428 285002
a 256 407 288002
a 256 413 304001
a 256 41 306002
a 256 205 308003
a 256 48 309003
a 256 407 311002
a 256 407 314003
a 256 407 322003
a 256 404 342003
a 256 407 356003
a 256 133 357001
a 256 230 358001
a 256 133 367003
a 256 407 369003
a 256 0 376002
a 256 133 379002
a 256 443 380003
a 256 0 603002
a 256 0 607002
a 256 352 608002
a 256 0 616002
a 256 413 660002
a 256 202 667002
a 256 287 669006
a 256 161 672002
a 256 413 679002
a 256 207 680002
a 256 200 682002
a 256 413 685004
a 256 35 686002
a 256 161 695005
a 256 283 696005
a 256 430 704004
a 256 50 706006
a 256 256 0
a 256 453 631004
a 256 453 692002
a 257 41 49003
a 257 0 116003
a 257 0 119003
a 257 0 124003
a 257 0 125003
a 257 0 133003
a 257 0 135003
a 257 0 138003
a 257 0 139003
a 257 28 140004
a 257 0 142003
a 257 0 146003
a 257 0 147003
a 257 311 150002
a 257 0 156003
a 257 0 163003
a 257 41 214003
a 257 45 225003
a 257 100 227006
a 257 41 278003
a 257 41 292004
a 257 41 307003
a 257 28 553003
a 257 0 558004
a 257 0 561002
a 257 0 610003
a 257 41 620003
a 257 149 655007
a 257 41 665008
a 257 308 666003
a 257 45 670003
a 257 200 677010
a 257 45 697004
a 257 257 0
a 258 132 579004
a 258 258 0
a 259 269 702006
a 259 259 0
a 260 108 130002
a 260 260 0
a 261 400 339002
a 261 400 359004
a 261 261 0
a 262 407 531005
a 262 407 555005
a 262 262 0
a 263 208 47002
a 263 200 268006
a 263 257 292003
a 263 209 353002
a 263 210 355002
a 263 209 356001
a 263 0 654008
a 263 263 0
a 263 447 235001
a 263 457 222001
a 263 457 223001
a 263 457 565001
a 263 457 631002
a 264 323 676007
a 264 264 0
a 265 0 388009
a 265 265 0
a 266 186 424004
a 266 266 0
a 267 81 213003
a 267 202 227003
a 267 230 389004
a 267 139 395003
a 267 144 414004
a 267 267 0
a 268 273 619004
a 268 268 0
a 269 362 59004
a 269 70 276003
a 269 302 280003
a 269 209 285007
a 269 70 303005
a 269 70 311005
a 269 70 313005
a 269 70 314006
a 269 70 322007
a 269 343 350006
a 269 343 380009
a 269 390 400005
a 269 246 400009
a 269 390 403008
a 269 69 430004
a 269 241 449003
a 269 211 580009
a 269 390 656005
a 269 390 682006
a 269 269 0
a 269 452 94003
a 269 456 93002
a 269 456 260006
a 269 456 269007
a 269 456 415005
a 269 456 516006
a 269 456 674011
a 269 456 676012
a 269 456 682014
a 269 456 685008
a 269 456 686009
a 269 457 369010
a 269 459 441007
a 269 460 702007
a 270 279 60003
a 270 330 61005
a 270 390 87005
a 270 0 172006
a 270 390 191005
a 270 0 417005
a 270 134 430006
a 270 390 435007
a 270 390 482003
a 270 390 511006
a 270 390 525006
a 270 270 0
a 271 116 449001
a 271 271 0
a 272 390 256005
a 272 0 469005
a 272 390 578011
a 272 390 593004
a 272 257 610002
a 272 272 0
a 273 171 361001
a 273 208 550003
a 273 377 551001
a 273 132 578009
a 273 60 618006
a 273 208 619005
a 273 208 619009
a 273 29 677006
a 273 273 0
a 273 457 578006
a 274 395 35003
a 274 0 286004
a 274 0 599004
a 274 0 695012
a 274 274 0
a 274 456 203006
a 274 460 568009
a 275 0 7002
a 275 0 12002
a 275 0 56002
a 275 0 166002
a 275 431 287003
a 275 428 353004
a 275 428 504003
a 275 390 580004
a 275 275 0
a 275 456 383002
a 275 456 386003
a 275 460 177002
a 275 460 554001
a 276 0 629005
a 276 345 650004
a 276 276 0
a 276 460 472005
a 276 460 522003
a 276 460 565004
a 276 460 591003
a 277 0 17002
a 277 0 21002
a 277 0 26002
a 277 0 40002
a 277 0 72002
a 277 144 76002
a 277 0 93004
a 277 0 98002
a 277 0 101002
a 277 0 104002
a 277 0 106003
a 277 0 153002
a 277 0 159002
a 277 0 164002
a 277 70 324005
a 277 0 337004
a 277 428 341004
a 277 428 344002
a 277 428 351002
a 277 428 370002
a 277 428 381002
a 277 23 407002
a 277 128 464001
a 277 28 530002
a 277 28 535002
a 277 209 538001
a 277 0 542002
a 277 35 669003
a 277 0 680006
a 277 345 688004
a 277 277 0
a 277 456 157002
a 277 460 266002
a 277 460 454001
a 277 460 696002
a 278 208 386005
a 278 177 408009
a 278 278 0
a 279 0 30005
a 279 362 60004
a 279 362 62003
a 279 0 117005
a 279 0 199004
a 279 362 218004
a 279 0 219004
a 279 0 221006
a 279 425 232004
a 279 52 346005
a 279 52 347001
a 279 0 348006
a 279 425 350002
a 279 0 422007
a 279 266 424003
a 279 0 430008
a 279 270 435006
a 279 0 521007
a 279 425 529002
a 279 0 531008
a 279 23 533004
a 279 273 550002
a 279 0 555008
a 279 0 556004
a 279 362 563001
a 279 0 570005
a 279 435 586006
a 279 0 623008
a 279 120 677012
a 279 426 698012
a 279 279 0
a 280 280 0
a 280 462 212004
a 281 217 697002
a 281 281 0
a 282 209 703004
a 282 282 0
a 283 0 27003
a 283 0 28003
a 283 269 59003
a 283 0 97003
a 283 0 237002
a 283 0 240003
a 283 0 243008
a 283 0 248005
a 283 390 255003
a 283 0 278009
a 283 269 303004
a 283 0 345002
a 283 269 350005
a 283 0 371006
a 283 0 373004
a 283 269 380008
a 283 0 412003
a 283 0 434007
a 283 0 495003
a 283 0 501003
a 283 0 527003
a 283 0 546003
a 283 269 580008
a 283 0 640013
a 283 0 696006
a 283 28 705007
a 283 283 0
a 283 460 474003
a 284 284 0
a 284 453 194005
a 285 359 698004
a 285 285 0
a 286 189 481002
a 286 286 0
a 287 0 91005
a 287 269 285006
a 287 407 438004
a 287 0 452004
a 287 0 455002
a 287 0 468004
a 287 35 640006
a 287 390 641004
a 287 263 654007
a 287 390 656015
a 287 390 658004
a 287 0 669007
a 287 287 0
a 287 460 594005
a 288 60 439003
a 288 0 463004
a 288 288 0
a 289 35 698007
a 289 289 0
a 290 0 444008
a 290 290 0
a 291 269 674010
a 291 291 0
a 292 35 665005
a 292 292 0
a 293 0 52006
a 293 0 114007
a 293 0 208004
a 293 0 234004
a 293 0 293006
a 293 0 635006
a 293 293 0
a 294 0 487002
a 294 294 0
a 295 0 53004
a 295 0 663006
a 295 0 671005
a 295 295 0
a 296 41 569001
a 296 296 0
a 297 0 678006
a 297 297 0
a 298 174 479006
a 298 298 0
a 299 390 583003
a 299 299 0
a 300 191 216004
a 300 300 0
a 300 460 695010
a 301 283 303003
a 301 407 328002
a 301 48 493003
a 301 301 0
a 301 447 502003
a 301 460 398002
a 302 209 417003
a 302 241 459001
a 302 241 460001
a 302 390 672005
a 302 164 673002
a 302 390 677003
a 302 302 0
a 302 457 280004
a 302 457 659006
a 303 134 48008
a 303 303 0
a 304 200 393003
a 304 304 0
a 305 419 408003
a 305 305 0
a 306 58 625004
a 306 306 0
a 307 0 656017
a 307 307 0
a 308 0 665010
a 308 0 666004
a 308 308 0
a 309 259 702005
a 309 309 0
a 309 460 668002
a 310 0 451003
a 310 310 0
a 311 149 127003
a 311 149 145002
a 311 149 150003
a 311 311 0
a 312 200 577005
a 312 312 0
a 313 395 661002
a 313 313 0
a 314 0 517003
a 314 314 0
a 315 0 356006
a 315 178 369007
a 315 262 555004
a 315 68 686007
a 315 315 0
a 316 112 288006
a 316 316 0
a 317 0 34006
a 317 0 36005
a 317 0 41007
a 317 0 46006
a 317 0 50007
a 317 0 51007
a 317 0 188004
a 317 0 439009
a 317 0 476006
a 317 0 477007
a 317 0 638008
a 317 35 641006
a 317 0 647005
a 317 0 649015
a 317 208 652002
a 317 35 656007
a 317 35 658006
a 317 317 0
a 318 41 108002
a 318 0 122001
a 318 41 154002
a 318 0 363002
a 318 0 368002
a 318 318 0
a 319 0 115003
a 319 319 0
a 320 269 656004
a 320 41 700006
a 320 320 0
a 321 157 473004
a 321 41 477004
a 321 133 694007
a 321 150 699003
a 321 321 0
a 322 279 586005
a 322 27 633003
a 322 0 634004
a 322 35 651003
a 322 408 698014
a 322 35 702003
a 322 322 0
a 323 45 74002
a 323 407 448001
a 323 407 462002
a 323 288 463003
a 323 413 674006
a 323 413 676008
a 323 407 689002
a 323 413 691002
a 323 323 0
a 324 0 226010
a 324 324 0
a 325 297 678005
a 325 325 0
a 326 1 458003
a 326 326 0
a 327 327 0
a 327 450 187002
a 328 0 414007
a 328 0 529006
a 328 0 639011
a 328 328 0
a 329 0 435009
a 329 329 0
a 330 0 15006
a 330 0 55005
a 330 0 61006
a 330 0 78006
a 330 0 87007
a 330 0 103006
a 330 0 175007
a 330 0 191007
a 330 0 302006
a 330 0 323005
a 330 0 389007
a 330 0 395006
a 330 0 482005
a 330 0 511008
a 330 0 525008
a 330 330 0
a 331 390 703002
a 331 331 0
a 332 407 444002
a 332 407 479002
a 332 332 0
a 333 407 450003
a 333 407 457003
a 333 395 618003
a 333 333 0
a 334 407 686004
a 334 334 0
a 335 269 400004
a 335 335 0
a 336 230 15003
a 336 228 114004
a 336 213 151003
a 336 216 503003
a 336 270 511005
a 336 167 514003
a 336 39 524005
a 336 437 525004
a 336 273 578005
a 336 355 602001
a 336 254 614001
a 336 103 617001
a 336 0 633007
a 336 254 701003
a 336 336 0
a 337 133 365003
a 337 337 0
a 338 428 37006
a 338 338 0
a 339 0 332003
a 339 0 548003
a 339 0 652004
a 339 339 0
a 339 447 327002
a 340 278 408008
a 340 340 0
a 341 200 346002
a 341 341 0
a 341 457 89002
a 342 0 362007
a 342 342 0
a 343 0 350007
a 343 0 380010
a 343 343 0
a 344 276 629004
a 344 344 0
a 345 101 43002
a 345 0 287005
a 345 0 366006
a 345 276 472004
a 345 0 591005
a 345 0 650005
a 345 0 688005
a 345 345 0
a 346 0 433006
a 346 346 0
a 347 35 48002
a 347 92 265001
a 347 365 310001
a 347 267 395002
a 347 97 409001
a 347 361 420006
a 347 336 503002
a 347 70 639003
a 347 70 640002
a 347 70 641009
a 347 70 642006
a 347 70 644006
a 347 70 649008
a 347 70 654004
a 347 70 655002
a 347 70 656010
a 347 273 677005
a 347 347 0
a 348 336 114003
a 348 265 388008
a 348 267 389003
a 348 267 414003
a 348 336 701002
a 348 348 0
a 349 305 408002
a 349 349 0
a 350 41 450006
a 350 350 0
a 351 183 233002
a 351 390 427001
a 351 351 0
a 352 122 582011
a 352 253 608003
a 352 352 0
a 353 287 452003
a 353 353 0
a 354 202 439006
a 354 354 0
a 355 41 29002
a 355 41 602002
a 355 355 0
a 356 0 149002
a 356 0 220004
a 356 0 355004
a 356 0 573001
a 356 0 636004
a 356 287 640005
a 356 0 657010
a 356 356 0
a 357 41 18002
a 357 0 319003
a 357 41 484001
a 357 43 671002
a 357 35 704002
a 357 357 0
a 357 457 305002
a 358 41 249002
a 358 358 0
a 359 165 698005
a 359 359 0
a 360 0 225008
a 360 360 0
a 361 0 420007
a 361 361 0
a 362 101 16001
a 362 357 18001
a 362 171 20001
a 362 171 27001
a 362 378 32001
a 362 216 34001
a 362 99 54001
a 362 138 55003
a 362 275 56001
a 362 200 58003
a 362 0 58005
a 362 0 59005
a 362 101 60001
a 362 0 60005
a 362 254 61003
a 362 101 62001
a 362 0 62004
a 362 376 64001
a 362 138 65002
a 362 256 66002
a 362 144 67002
a 362 88 68002
a 362 138 70002
a 362 277 72001
a 362 101 75001
a 362 277 76001
a 362 86 77001
a 362 145 78003
a 362 101 79001
a 362 378 115001
a 362 424 118001
a 362 0 130004
a 362 156 131001
a 362 369 140002
a 362 0 213010
a 362 0 216008
a 362 0 218005
a 362 437 224003
a 362 0 228005
a 362 208 263001
a 362 0 263006
a 362 208 272001
a 362 208 278001
a 362 255 296001
a 362 437 297001
a 362 139 301001
a 362 208 303001
a 362 357 305001
a 362 256 306001
a 362 110 307001
a 362 256 308002
a 362 256 309002
a 362 256 314002
a 362 101 316002
a 362 357 319002
a 362 256 322002
a 362 277 324004
a 362 277 337003
a 362 0 340006
a 362 277 341003
a 362 0 343005
a 362 0 344006
a 362 0 349007
a 362 0 351006
a 362 169 371003
a 362 175 382001
a 362 275 383001
a 362 99 385003
a 362 200 387005
a 362 208 388003
a 362 99 390003
a 362 170 541003
a 362 99 560001
a 362 423 562001
a 362 377 563002
a 362 208 579002
a 362 299 583002
a 362 208 595002
a 362 101 601002
a 362 0 618011
a 362 35 662002
a 362 256 695004
a 362 362 0
a 363 172 36001
a 363 113 44003
a 363 356 149001
a 363 257 150001
a 363 421 203003
a 363 102 205004
a 363 421 226003
a 363 421 496001
a 363 363 0
a 364 236 48006
a 364 364 0
a 365 273 619008
a 365 390 684005
a 365 365 0
a 365 449 268001
a 365 457 310002
a 366 403 524003
a 366 366 0
a 367 254 2001
a 367 355 29001
a 367 411 30002
a 367 123 117001
a 367 377 167003
a 367 254 318001
a 367 192 348002
a 367 0 384005
a 367 221 430002
a 367 39 555002
a 367 254 604001
a 367 39 623003
a 367 367 0
a 368 31 676003
a 368 368 0
a 369 257 140003
a 369 369 0
a 370 89 431003
a 370 257 553002
a 370 257 558003
a 370 370 0
a 371 407 215005
a 371 371 0
a 372 257 116002
a 372 257 119002
a 372 257 124002
a 372 446 129002
a 372 257 133002
a 372 257 135002
a 372 257 138002
a 372 257 139002
a 372 257 142002
a 372 257 146002
a 372 257 147002
a 372 257 156002
a 372 155 162002
a 372 257 163002
a 372 407 286002
a 372 407 366003
a 372 257 665007
a 372 257 670002
a 372 257 677009
a 372 89 698009
a 372 372 0
a 373 0 579007
a 373 373 0
a 374 43 678002
a 374 374 0
a 375 113 471003
a 375 274 599003
a 375 322 634003
a 375 234 663002
a 375 375 0
a 375 447 632002
a 376 0 64002
a 376 43 69002
a 376 0 141002
a 376 0 615002
a 376 376 0
a 377 152 167004
a 377 0 244002
a 377 0 551002
a 377 0 563003
a 377 0 564002
a 377 28 566002
a 377 377 0
a 378 0 32002
a 378 319 115002
a 378 0 121001
a 378 0 123001
a 378 257 125002
a 378 0 132002
a 378 0 134002
a 378 0 143002
a 378 0 148002
a 378 0 606002
a 378 0 703006
a 378 378 0
a 379 68 276001
a 379 379 0
a 380 200 263003
a 380 200 267003
a 380 200 275003
a 380 380 0
a 381 103 622004
a 381 381 0
a 382 0 292010
a 382 0 387007
a 382 382 0
a 383 288 439002
a 383 383 0
a 384 320 656003
a 384 384 0
a 385 0 198005
a 385 0 532006
a 385 407 581005
a 385 35 582006
a 385 385 0
a 386 407 456001
a 386 386 0
a 387 387 0
a 387 459 440003
a 388 169 347003
a 388 388 0
a 389 0 458008
a 389 389 0
a 390 425 15001
a 390 330 15005
a 390 367 30001
a 390 317 36004
a 390 60 38003
a 390 317 41006
a 390 52 42001
a 390 225 44001
a 390 91 46001
a 390 317 46005
a 390 347 48001
a 390 60 48004
a 390 317 50006
a 390 317 51006
a 390 293 52005
a 390 330 87006
a 390 330 103005
a 390 233 106001
a 390 233 109001
a 390 233 110001
a 390 425 114001
a 390 293 114006
a 390 425 151001
a 390 233 160001
a 390 425 167001
a 390 330 175006
a 390 0 185005
a 390 112 187005
a 390 330 191006
a 390 141 200004
a 390 0 200007
a 390 240 203001
a 390 241 205002
a 390 293 208003
a 390 280 212003
a 390 279 218003
a 390 141 222005
a 390 59 222008
a 390 60 225006
a 390 241 226001
a 390 60 226008
a 390 267 227002
a 390 241 229001
a 390 279 232003
a 390 41 233005
a 390 293 234003
a 390 241 241006
a 390 241 242001
a 390 60 242008
a 390 241 247001
a 390 241 247005
a 390 53 248001
a 390 241 250006
a 390 52 251001
a 390 241 252001
a 390 241 254001
a 390 166 254005
a 390 166 255004
a 390 166 256003
a 390 241 256006
a 390 112 260004
a 390 241 261001
a 390 241 261005
a 390 112 269005
a 390 429 288004
a 390 71 292006
a 390 293 293005
a 390 330 302005
a 390 136 337001
a 390 136 340004
a 390 136 341001
a 390 52 342001
a 390 136 343003
a 390 136 344004
a 390 279 346004
a 390 367 348001
a 390 136 349005
a 390 279 350001
a 390 136 351004
a 390 237 352001
a 390 315 356005
a 390 342 362006
a 390 52 364001
a 390 52 365001
a 390 52 369001
a 390 68 369005
a 390 226 371001
a 390 52 373001
a 390 68 379005
a 390 52 380005
a 390 0 381004
a 390 425 384003
a 390 226 385001
a 390 52 385007
a 390 226 387003
a 390 226 388001
a 390 425 388006
a 390 425 389001
a 390 330 389006
a 390 226 390001
a 390 112 394004
a 390 330 395005
a 390 184 400006
a 390 131 403006
a 390 66 403009
a 390 97 406003
a 390 349 408001
a 390 112 409005
a 390 425 413003
a 390 425 414001
a 390 328 414006
a 390 347 420005
a 390 279 422006
a 390 279 424002
a 390 53 427002
a 390 367 430001
a 390 346 433005
a 390 329 435008
a 390 317 439008
a 390 30 441005
a 390 112 448003
a 390 317 476005
a 390 241 477001
a 390 317 477006
a 390 330 482004
a 390 0 500008
a 390 46 502006
a 390 252 505006
a 390 60 509001
a 390 330 511007
a 390 252 513005
a 390 68 516003
a 390 241 524001
a 390 425 525001
a 390 330 525007
a 390 279 529001
a 390 328 529005
a 390 425 531001
a 390 399 545004
a 390 112 549003
a 390 279 550001
a 390 367 555001
a 390 137 567005
a 390 162 578012
a 390 130 580005
a 390 195 587004
a 390 196 589004
a 390 195 589012
a 390 410 593005
a 390 195 598005
a 390 238 605003
a 390 336 633006
a 390 293 635005
a 390 328 639010
a 390 317 641005
a 390 347 641008
a 390 347 642005
a 390 347 644005
a 390 317 647004
a 390 112 648004
a 390 347 649007
a 390 317 649014
a 390 347 654003
a 390 317 656006
a 390 347 656009
a 390 307 656016
a 390 317 658005
a 390 245 674008
a 390 442 676005
a 390 141 676010
a 390 347 677004
a 390 325 678004
a 390 120 682004
a 390 92 682007
a 390 68 682012
a 390 365 684004
a 390 227 684006
a 390 141 685006
a 390 315 686006
a 390 409 689004
a 390 71 695002
a 390 279 698011
a 390 348 701001
a 390 282 703003
a 390 141 704007
a 390 390 0
a 390 457 161001
a 390 457 367001
a 390 457 374001
a 390 457 377001
a 390 457 380001
a 390 457 399001
a 390 457 402004
a 390 457 403002
a 390 457 404003
a 390 457 411001
a 390 457 581007
a 390 457 583004
a 390 457 586002
a 390 457 588004
a 390 457 589007
a 390 457 600003
a 390 457 628002
a 390 457 672006
a 390 457 694003
a 391 36 224001
a 391 391 0
a 391 449 102006
a 392 0 443004
a 392 41 480004
a 392 0 506003
a 392 0 543005
a 392 0 597004
a 392 0 625006
a 392 0 655013
a 392 392 0
a 393 182 211002
a 393 398 220002
a 393 302 417002
a 393 370 431002
a 393 209 581002
a 393 75 601006
a 393 393 0
a 394 390 600002
a 394 394 0
a 395 0 35004
a 395 443 235004
a 395 39 578002
a 395 208 618004
a 395 0 661003
a 395 395 0
a 396 425 359002
a 396 23 499001
a 396 396 0
a 397 376 141001
a 397 228 208001
a 397 217 221002
a 397 230 234001
a 397 39 292001
a 397 437 421002
a 397 153 442001
a 397 332 444001
a 397 332 479001
a 397 286 481001
a 397 170 482001
a 397 228 494002
a 397 39 532004
a 397 192 533001
a 397 39 570001
a 397 39 582004
a 397 39 582008
a 397 376 615001
a 397 142 635002
a 397 34 699001
a 397 397 0
a 398 155 38001
a 398 194 219001
a 398 356 220003
a 398 155 360002
a 398 249 478003
a 398 398 0
a 399 0 545005
a 399 399 0
a 400 206 339003
a 400 206 359005
a 400 400 0
a 401 60 657002
a 401 405 683005
a 401 401 0
a 402 402 0
a 402 450 182002
a 403 336 514002
a 403 336 524004
a 403 254 683002
a 403 403 0
a 404 0 342004
a 404 404 0
a 405 0 683006
a 405 405 0
a 406 0 533007
a 406 406 0
a 407 23 9003
a 407 23 11003
a 407 114 23003
a 407 440 25004
a 407 390 41005
a 407 168 194003
a 407 390 200006
a 407 274 203005
a 407 168 215006
a 407 300 216003
a 407 168 226005
a 407 158 238002
a 407 168 243006
a 407 390 260003
a 407 144 262003
a 407 390 269004
a 407 168 278007
a 407 274 286003
a 407 390 288003
a 407 68 311003
a 407 409 314004
a 407 68 322004
a 407 390 356004
a 407 390 362005
a 407 98 366004
a 407 390 369004
a 407 390 379004
a 407 390 394003
a 407 217 408005
a 407 390 409004
a 407 192 420003
a 407 250 438005
a 407 390 441004
a 407 445 444003
a 407 390 448002
a 407 55 450004
a 407 241 456002
a 407 55 457004
a 407 128 462003
a 407 170 465002
a 407 55 479003
a 407 142 492003
a 407 168 496003
a 407 414 500004
a 407 390 516002
a 407 134 531006
a 407 134 555006
a 407 274 568008
a 407 390 581006
a 407 138 589010
a 407 103 621007
a 407 254 628007
a 407 168 638005
a 407 168 640011
a 407 138 649012
a 407 86 651008
a 407 390 682011
a 407 390 686005
a 407 390 689003
a 407 300 695009
a 407 407 0
a 407 447 519003
a 407 449 328003
a 407 456 290004
a 407 460 181003
a 407 460 453002
a 407 460 470002
a 407 464 266004
a 408 0 227008
a 408 0 268009
a 408 0 318004
a 408 0 475006
a 408 0 617003
a 408 0 698015
a 408 408 0
a 409 269 314005
a 409 230 689005
a 409 409 0
a 410 112 593006
a 410 410 0
a 411 134 30003
a 411 411 0
a 412 71 285004
a 412 412 0
a 413 70 304002
a 413 390 513004
a 413 68 660003
a 413 390 674007
a 413 390 676009
a 413 390 685005
a 413 141 691003
a 413 390 704006
a 413 413 0
a 413 456 664003
a 413 457 679003
a 414 414 0
a 414 457 500005
a 415 0 347005
a 415 200 382003
a 415 415 0
a 416 416 0
a 416 457 171001
a 417 60 271001
a 417 417 0
a 418 407 194002
a 418 407 238001
a 418 407 243005
a 418 407 262002
a 418 407 500003
a 418 418 0
a 419 407 408004
a 419 407 465001
a 419 407 492002
a 419 407 589009
a 419 419 0
a 420 0 386007
a 420 420 0
a 421 407 203004
a 421 407 216002
a 421 407 226004
a 421 407 278006
a 421 407 496002
a 421 407 621006
a 421 407 628006
a 421 407 638004
a 421 407 640010
a 421 407 649011
a 421 407 651007
a 421 421 0
a 422 41 3001
a 422 422 0
a 423 41 562002
a 423 0 571001
a 423 0 572001
a 423 423 0
a 424 0 118002
a 424 41 612002
a 424 424 0
a 425 336 15002
a 425 348 114002
a 425 336 151002
a 425 367 167002
a 425 253 196001
a 425 253 213001
a 425 0 232005
a 425 261 339001
a 425 170 350003
a 425 261 359003
a 425 367 384004
a 425 348 388007
a 425 348 389002
a 425 347 395001
a 425 0 413004
a 425 348 414002
a 425 241 525002
a 425 138 529003
a 425 73 531002
a 425 336 578004
a 425 268 619003
a 425 367 623002
a 425 320 700005
a 425 425 0
a 426 322 698013
a 426 426 0
a 427 127 458005
a 427 427 0
a 428 0 37007
a 428 0 128003
a 428 407 269003
a 428 412 285003
a 428 0 341005
a 428 390 344003
a 428 390 351003
a 428 0 353005
a 428 0 370003
a 428 283 380007
a 428 390 381003
a 428 80 537003
a 428 428 0
a 428 456 499005
a 428 456 504004
a 429 316 288005
a 429 429 0
a 430 413 704005
a 430 430 0
a 431 345 287004
a 431 431 0
a 432 287 91004
a 432 432 0
a 433 41 552002
a 433 433 0
a 434 0 25007
a 434 257 49002
a 434 87 241003
a 434 87 250003
a 434 57 325002
a 434 89 422004
a 434 434 0
a 435 200 238005
a 435 35 586007
a 435 435 0
a 435 453 216006
a 436 200 444005
a 436 436 0
a 437 202 8002
a 437 48 14002
a 437 200 201002
a 437 200 202002
a 437 202 224004
a 437 202 236002
a 437 133 252004
a 437 283 255002
a 437 205 259003
a 437 407 260002
a 437 205 297002
a 437 205 298002
a 437 202 354003
a 437 407 394002
a 437 51 421003
a 437 133 428003
a 437 202 432003
a 437 205 489001
a 437 407 516001
a 437 270 525005
a 437 205 549001
a 437 202 574002
a 437 437 0
a 437 453 228003
a 438 203 509007
a 438 438 0
a 439 172 469003
a 439 439 0
a 440 209 25005
a 440 440 0
a 441 171 682009
a 441 441 0
a 442 390 589006
a 442 264 676006
a 442 442 0
a 442 460 680004
a 443 390 242007
a 443 390 380004
a 443 390 385006
a 443 392 543004
a 443 134 623006
a 443 443 0
a 443 452 251006
a 443 457 110004
a 443 457 235005
a 443 457 592005
a 444 439 469002
a 444 444 0
a 445 436 444004
a 445 445 0
a 446 0 129003
a 447 171 31001
a 447 434 49001
a 447 229 84001
a 447 171 86001
a 447 148 88001
a 447 171 90001
a 447 140 113001
a 447 372 142001
a 447 77 173001
a 447 255 176001
a 447 275 177001
a 447 0 178003
a 447 192 179001
a 447 192 180001
a 447 402 182001
a 447 171 183001
a 447 38 185001
a 447 193 190001
a 447 93 192001
a 447 81 197001
a 447 35 198001
a 447 437 202001
a 447 81 206001
a 447 171 209001
a 447 0 224006
a 447 216 231001
a 447 208 235002
a 447 434 325001
a 447 35 327003
a 447 229 333001
a 447 171 335001
a 447 277 344001
a 447 171 349001
a 447 277 351001
a 447 318 368001
a 447 256 376001
a 447 28 377004
a 447 171 378001
a 447 256 379001
a 447 277 381001
a 447 0 399004
a 447 118 400001
a 447 192 401001
a 447 114 406001
a 447 88 410001
a 447 169 412001
a 447 171 415001
a 447 216 418001
a 447 146 419001
a 447 434 422003
a 447 205 502004
a 447 275 504002
a 447 167 505003
a 447 88 510001
a 447 88 511001
a 447 255 513001
a 447 216 515001
a 447 0 519004
a 447 35 521001
a 447 216 523001
a 447 99 526001
a 447 208 586009
a 447 208 626007
a 447 208 632003
a 447 0 378005
a 449 187 39001
a 449 243 50001
a 449 114 51001
a 449 104 53001
a 449 229 95001
a 449 171 102007
a 449 148 105001
a 449 372 139001
a 449 88 172001
a 449 224 193001
a 449 277 266001
a 449 35 268002
a 449 101 273001
a 449 208 275001
a 449 221 280001
a 449 140 283001
a 449 101 294001
a 449 48 328004
a 449 208 402001
a 449 156 404001
a 449 175 488001
a 449 419 492001
a 449 169 495001
a 449 216 500001
a 449 101 507001
a 449 35 509004
a 449 220 512001
a 449 437 574001
a 449 312 577004
a 449 179 580002
a 449 154 588002
a 449 208 592002
a 449 35 611001
a 449 256 616001
a 449 202 621002
a 449 208 624002
a 449 208 630002
a 449 302 677002
a 450 140 82001
a 450 229 85001
a 450 35 87001
a 450 35 91001
a 450 35 172003
a 450 192 178001
a 450 0 179003
a 450 28 180003
a 450 256 181001
a 450 0 182003
a 450 200 185003
a 450 200 187003
a 450 171 188001
a 450 35 191001
a 450 35 196005
a 450 208 200001
a 450 437 201001
a 450 81 204001
a 450 35 207003
a 450 208 225001
a 450 101 229004
a 450 89 230001
a 450 0 325006
a 450 339 327001
a 450 301 328001
a 450 35 329001
a 450 135 386001
a 450 35 505001
a 450 208 508001
a 450 438 509006
a 450 208 517001
a 450 0 518006
a 450 44 519001
a 450 208 520001
a 450 39 521003
a 450 208 522001
a 450 35 541001
a 450 35 544001
a 450 254 87003
a 450 432 91003
a 450 228 544003
a 450 453 510003
a 450 453 523004
a 452 0 81005
a 452 0 82003
a 452 101 83001
a 452 0 84003
a 452 0 85003
a 452 28 86004
a 452 0 88003
a 452 0 90004
a 452 0 94004
a 452 0 99004
a 452 0 100005
a 452 81 240001
a 452 443 242006
a 452 35 243001
a 452 0 245002
a 452 205 246002
a 452 0 251007
a 452 0 253003
a 452 437 255001
a 452 0 257002
a 452 28 258002
a 452 0 259005
a 452 437 260001
a 452 418 262001
a 452 0 267008
a 452 171 543001
a 452 208 640008
a 452 208 641002
a 452 208 642002
a 452 208 646002
a 452 208 651005
a 452 208 655010
a 452 0 246004
a 452 0 262005
a 453 317 34005
a 453 295 53003
a 453 70 89004
a 453 112 176003
a 453 317 188003
a 453 70 194006
a 453 70 197003
a 453 70 204003
a 453 70 206003
a 453 70 209005
a 453 362 216007
a 453 362 228004
a 453 70 231004
a 453 70 334003
a 453 70 510004
a 453 70 523005
a 453 195 596003
a 453 162 600009
a 453 166 621009
a 453 166 622006
a 453 70 631005
a 453 317 638007
a 453 70 692003
a 453 162 701005
a 454 70 92001
a 454 128 94001
a 454 128 186001
a 454 70 331001
a 454 70 490001
a 454 70 491001
a 456 0 4002
a 456 28 5002
a 456 0 13003
a 456 277 93003
a 456 0 95003
a 456 0 102011
a 456 0 111003
a 456 0 113003
a 456 101 152001
a 456 277 153001
a 456 101 155001
a 456 0 157003
a 456 0 158003
a 456 277 159001
a 456 277 164001
a 456 0 168006
a 456 0 170003
a 456 0 183004
a 456 0 201004
a 456 0 202004
a 456 0 203007
a 456 0 205006
a 456 0 210002
a 456 0 211005
a 456 0 233007
a 456 0 236004
a 456 0 239002
a 456 283 248004
a 456 358 249001
a 456 443 251005
a 456 0 260007
a 456 408 268008
a 456 0 269008
a 456 128 273003
a 456 421 278005
a 456 0 279002
a 456 0 282003
a 456 0 283003
a 456 0 289003
a 456 0 290005
a 456 128 294003
a 456 0 296004
a 456 0 297004
a 456 0 298004
a 456 0 299003
a 456 0 300003
a 456 0 301003
a 456 0 306004
a 456 0 307005
a 456 0 308005
a 456 0 310005
a 456 0 315002
a 456 0 326002
a 456 0 327007
a 456 0 328007
a 456 0 330003
a 456 0 333003
a 456 0 335005
a 456 0 361004
a 456 0 382005
a 456 0 383003
a 456 443 385005
a 456 278 386004
a 456 0 390005
a 456 0 393005
a 456 0 396005
a 456 0 397004
a 456 0 415006
a 456 0 418004
a 456 0 419003
a 456 230 429003
a 456 0 432005
a 456 0 489003
a 456 0 492005
a 456 0 497004
a 456 0 499006
a 456 0 504005
a 456 0 516007
a 456 0 520004
a 456 0 524011
a 456 200 536002
a 456 0 541006
a 456 171 545001
a 456 208 621004
a 456 35 626005
a 456 0 632006
a 456 0 664004
a 456 0 667004
a 456 0 674012
a 456 0 676013
a 456 0 679006
a 456 35 681003
a 456 0 682015
a 456 0 685009
a 456 0 686010
a 456 0 700008
a 456 35 705004
a 457 0 1002
a 457 437 14001
a 457 0 29004
a 457 0 42004
a 457 35 52001
a 457 453 89003
a 457 318 108001
a 457 35 110005
a 457 229 111001
a 457 0 112003
a 457 372 147001
a 457 318 154001
a 457 372 156001
a 457 277 157001
a 457 101 158001
a 457 84 161002
a 457 372 162001
a 457 372 163001
a 457 35 168001
a 457 229 170001
a 457 202 171002
a 457 254 175003
a 457 327 187001
a 457 170 191003
a 457 418 194001
a 457 101 212001
a 457 208 214001
a 457 202 215001
a 457 208 222002
a 457 208 223002
a 457 216 228001
a 457 70 235006
a 457 103 265003
a 457 101 270001
a 457 0 272007
a 457 35 277001
a 457 0 280005
a 457 41 281002
a 457 140 282001
a 457 256 285001
a 457 256 288001
a 457 229 289001
a 457 101 290001
a 457 35 291001
a 457 35 293001
a 457 230 299001
a 457 35 302001
a 457 0 305003
a 457 140 310003
a 457 256 311001
a 457 101 312001
a 457 254 313001
a 457 148 317001
a 457 35 323001
a 457 140 330001
a 457 104 334001
a 457 35 336001
a 457 171 340001
a 457 0 352005
a 457 32 354001
a 457 0 360004
a 457 318 363001
a 457 372 366002
a 457 256 367002
a 457 210 369011
a 457 277 370001
a 457 56 372003
a 457 193 374002
a 457 193 377002
a 457 256 380002
a 457 255 392001
a 457 175 393001
a 457 437 394001
a 457 192 399002
a 457 0 401004
a 457 0 402005
a 457 171 403003
a 457 0 404004
a 457 0 410003
a 457 101 411002
a 457 437 428002
a 457 283 434006
a 457 35 435001
a 457 175 497001
a 457 216 498001
a 457 102 499003
a 457 205 500006
a 457 216 502001
a 457 215 506001
a 457 229 539001
a 457 370 553001
a 457 370 558002
a 457 208 565002
a 457 4 567001
a 457 208 568002
a 457 35 578007
a 457 0 581008
a 457 0 583005
a 457 208 586003
a 457 0 588005
a 457 419 589008
a 457 0 592006
a 457 35 600004
a 457 171 626002
a 457 208 628003
a 457 0 630006
a 457 256 631003
a 457 0 646005
a 457 35 649005
a 457 0 651010
a 457 39 655005
a 457 39 656013
a 457 202 659007
a 457 229 665002
a 457 0 670006
a 457 0 672007
a 457 84 674002
a 457 200 679004
a 457 34 685002
a 457 155 691005
a 457 35 694004
a 457 256 706005
a 457 170 168003
a 457 208 215003
a 457 0 223005
a 457 228 291003
a 457 228 293003
a 457 230 302003
a 457 230 336003
a 457 230 567003
a 457 180 600006
a 459 35 33001
a 459 35 37001
a 459 0 68004
a 459 104 97001
a 459 208 99001
a 459 35 103001
a 459 372 138001
a 459 372 146001
a 459 39 198003
a 459 0 230003
a 459 39 268004
a 459 0 438010
a 459 383 439001
a 459 0 440004
a 459 0 441008
a 459 323 462001
a 459 0 465005
a 459 0 467002
a 459 0 471005
a 459 248 473001
a 459 39 475004
a 459 171 537001
a 459 94 605001
a 459 156 613001
a 459 144 103003
a 460 0 43004
a 460 28 83003
a 460 341 89001
a 460 269 93001
a 460 0 96002
a 460 99 165001
a 460 275 166001
a 460 101 169002
a 460 0 173003
a 460 99 174001
a 460 0 177003
a 460 0 181004
a 460 101 184002
a 460 101 189001
a 460 133 190003
a 460 133 193003
a 460 407 266003
a 460 200 267006
a 460 0 270003
a 460 407 290003
a 460 208 332001
a 460 0 391003
a 460 0 398003
a 460 277 407001
a 460 340 408007
a 460 0 411004
a 460 269 415004
a 460 0 416002
a 460 0 426005
a 460 0 447004
a 460 0 453003
a 460 0 454002
a 460 0 466002
a 460 0 470003
a 460 0 472006
a 460 0 474004
a 460 0 485004
a 460 0 486002
a 460 0 507003
a 460 0 508005
a 460 200 512003
a 460 0 515004
a 460 0 522004
a 460 0 526003
a 460 208 528001
a 460 277 530001
a 460 0 534004
a 460 277 535001
a 460 0 537005
a 460 0 540002
a 460 277 542001
a 460 0 547002
a 460 0 554002
a 460 0 559002
a 460 0 560003
a 460 0 565005
a 460 0 568010
a 460 0 575002
a 460 0 576002
a 460 345 591004
a 460 35 594006
a 460 0 595005
a 460 35 601004
a 460 0 637003
a 460 0 645004
a 460 0 658010
a 460 0 668003
a 460 277 680005
a 460 101 681005
a 460 274 695011
a 460 35 696003
a 460 0 702008
a 460 35 707003
a 460 0 601008
a 461 452 245001
a 461 452 246001
a 461 452 257001
a 461 452 258001
a 462 345 43001
a 462 372 119001
a 462 0 212005
a 462 101 343001
a 462 137 387001
a 462 208 396001
a 463 35 175001
a 463 208 645001
a 463 208 648001
a 463 208 651001
a 463 35 654001
a 463 256 667001
a 463 357 671001
a 463 156 675001
a 463 374 678001
a 463 256 679001
a 463 256 680001
a 463 140 681001
a 463 45 684001
a 463 256 686001
a 463 156 687001
a 463 323 689001
a 463 28 690001
a 463 323 691001
a 463 256 692001
a 463 277 696001
a 463 218 702001
a 463 193 707001
a 464 208 80001
a 464 208 81001
a 464 0 266005
a 464 0 374004
a 464 255 397001
a 464 202 429001
a 464 216 432001
a 464 244 434001
