3	99	462	
3	367	254	48	200	
3	422	41	
3	90	466	
3	93	466	28	
3	172	48	202	
3	128	275	
3	90	437	202	
3	90	255	407	23	119	112	
3	70	99	
3	90	255	407	23	119	112	
3	70	275	
3	143	230	466	
3	462	437	48	200	
3	390	425	336	230	390	330	
3	362	101	
3	128	277	
3	362	357	41	
3	209	125	209	28	
3	362	171	202	
3	128	277	
3	90	171	202	
3	90	256	407	114	
3	128	101	
3	90	256	48	407	440	209	434	
3	128	277	
3	362	171	283	
3	90	171	283	
3	367	355	41	462	
3	390	367	411	134	279	
3	447	171	200	
3	362	378	
3	462	35	90	228	
3	362	216	175	219	453	317	
3	241	128	274	395	
3	363	172	41	390	317	
3	462	35	23	241	52	338	428	
3	398	155	390	60	
3	449	187	212	
3	128	277	
3	241	52	171	200	407	390	317	
3	390	52	106	462	
3	470	345	101	456	
3	390	225	363	113	212	
3	35	210	147	
3	390	91	242	202	390	317	
3	79	263	208	147	
3	390	347	35	390	60	364	236	303	134	
3	447	434	257	41	
3	449	243	190	48	200	390	317	
3	449	114	212	48	200	390	317	
3	469	35	52	144	390	293	
3	449	104	453	295	
3	362	99	
3	471	138	330	
3	362	275	
3	90	256	
3	471	200	362	
3	90	256	283	269	362	
3	362	101	270	279	362	
3	471	254	270	330	
3	362	101	279	362	
3	70	98	
3	362	376	
3	90	362	138	
3	225	362	256	
3	225	362	144	
3	225	362	88	462	
3	90	376	43	102	
3	225	362	138	
3	35	90	138	
3	362	277	
3	148	
3	90	323	45	
3	362	101	144	
3	362	277	144	
3	362	86	90	
3	471	145	228	330	
3	362	101	144	
3	476	208	188	
3	476	208	188	200	452	
3	450	140	452	
3	452	101	456	28	
3	447	229	452	
3	450	229	452	
3	447	171	205	452	28	
3	450	35	450	254	270	390	330	
3	447	148	452	
3	456	341	462	453	70	
3	447	171	205	452	
3	450	35	450	432	287	
3	454	70	
3	456	269	466	277	
3	454	128	269	452	
3	458	70	
3	101	456	
3	462	104	283	
3	128	277	
3	462	208	89	452	
3	466	208	89	452	
3	128	277	
3	60	70	171	48	205	391	449	171	48	205	466	
3	462	35	462	144	390	330	
3	128	277	
3	449	148	70	
3	390	233	277	
3	101	
3	462	318	41	
3	390	233	101	
3	390	233	101	443	462	35	90	202	
3	460	70	
3	42	125	462	
3	447	140	466	
3	390	425	348	336	228	390	293	
3	362	378	319	
3	90	372	257	
3	367	123	163	134	279	
3	362	424	
3	470	372	257	
3	84	120	
3	378	
3	318	
3	378	
3	90	372	257	
3	90	378	257	
3	90	256	
3	90	256	311	149	
3	90	171	428	
3	90	372	446	
3	90	260	108	362	
3	362	156	90	
3	90	378	
3	90	372	257	
3	90	378	
3	90	372	257	
3	90	117	41	
3	171	50	
3	462	372	257	
3	449	372	257	
3	92	362	369	257	28	
3	397	376	
3	447	372	257	
3	209	378	
3	256	133	
3	256	311	149	
3	462	372	257	
3	462	372	257	
3	143	378	
3	363	356	
3	363	257	311	149	
3	390	425	336	213	209	
3	466	101	
3	466	277	
3	462	318	41	
3	466	101	
3	462	372	257	
3	460	70	
3	460	70	
3	466	277	
3	390	233	101	
3	464	84	121	
3	462	372	155	209	
3	462	372	257	
3	466	277	
3	456	99	
3	456	275	
3	390	425	367	377	152	
3	460	90	170	205	466	
3	35	456	101	
3	460	70	
3	416	462	202	
3	449	88	450	35	90	270	
3	447	77	456	
3	456	99	
3	475	35	462	254	205	390	330	
3	447	255	453	112	
3	447	275	456	
3	450	192	447	
3	447	192	450	
3	447	192	450	28	
3	450	256	407	456	
3	447	402	450	
3	447	171	202	466	
3	35	456	101	
3	447	38	450	200	390	
3	454	128	
3	462	327	450	200	456	
3	450	171	453	317	
3	456	101	
3	447	193	456	133	
3	450	35	462	170	270	390	330	
3	447	93	41	
3	449	224	456	133	
3	462	418	407	168	284	453	70	
3	115	
3	425	253	85	82	450	35	90	
3	447	81	453	70	
3	447	35	462	39	385	
3	39	194	134	279	
3	450	208	65	456	407	390	
3	450	437	200	466	
3	447	437	200	466	
3	390	240	363	421	407	274	466	
3	450	81	453	70	
3	35	390	466	102	466	
3	447	81	453	70	
3	208	89	450	35	
3	397	228	390	293	
3	447	171	200	35	453	70	
3	101	466	
3	35	393	182	75	466	
3	460	280	470	
3	425	253	267	81	201	23	90	35	23	362	
3	462	208	257	41	
3	460	362	208	371	407	168	25	
3	183	421	407	300	191	435	453	362	
3	182	118	
3	182	214	390	279	362	
3	398	194	134	279	
3	35	393	398	356	
3	35	397	217	194	134	279	
3	263	462	208	65	456	157	390	59	
3	263	462	208	202	462	
3	391	36	362	437	202	447	
3	450	208	257	45	163	390	60	360	
3	390	466	421	407	168	202	390	60	324	
3	35	390	267	202	39	257	100	408	
3	462	216	437	453	362	
3	390	241	92	450	101	70	
3	450	89	462	
3	447	216	175	453	70	
3	208	89	390	279	425	
3	35	351	183	89	390	41	466	
3	397	230	390	293	
3	263	447	208	395	443	462	70	
3	182	437	202	466	
3	81	283	
3	418	407	158	191	435	200	
3	77	466	
3	452	81	283	
3	35	209	434	87	80	390	241	72	
3	390	241	52	81	205	452	443	390	60	
3	452	35	466	418	407	168	283	
3	79	377	
3	468	452	
3	468	452	205	452	
3	390	466	35	390	241	52	230	
3	390	53	231	466	283	
3	466	358	41	
3	35	209	434	87	80	390	466	35	
3	390	52	81	205	466	443	452	
3	390	241	52	437	133	
3	35	251	452	
3	390	466	99	390	166	
3	452	437	283	390	166	
3	35	99	390	166	272	390	241	47	
3	468	452	
3	468	452	28	
3	35	209	437	205	452	
3	452	437	407	456	269	466	
3	390	241	52	35	390	466	230	
3	452	418	407	144	452	
3	362	208	380	200	23	362	
3	128	101	
3	347	92	469	103	200	
3	449	277	456	407	476	
3	90	208	380	200	58	456	200	452	
3	365	449	35	462	39	263	200	466	408	
3	90	171	428	407	456	269	466	
3	469	101	456	
3	417	60	70	200	
3	362	208	155	41	90	35	469	
3	458	70	128	
3	35	26	75	209	
3	449	208	380	200	23	70	
3	379	68	269	70	
3	469	35	90	103	200	
3	362	208	257	41	466	421	407	168	283	
3	229	466	
3	449	221	269	302	469	
3	156	469	41	
3	469	140	466	
3	458	70	
3	129	99	
3	469	256	428	412	71	287	269	209	
3	128	372	407	274	
3	128	208	275	431	345	
3	469	256	407	390	429	316	112	70	
3	469	229	466	
3	469	101	456	407	466	
3	469	35	469	228	
3	397	39	263	257	41	390	71	42	199	382	
3	469	35	469	228	390	293	
3	458	70	128	
3	35	75	209	
3	362	255	41	466	
3	362	437	205	466	
3	90	437	205	466	
3	460	70	
3	90	230	466	
3	362	139	466	
3	462	35	469	230	390	330	
3	362	208	301	283	269	70	
3	256	413	70	
3	362	357	462	
3	362	256	41	466	
3	362	110	257	41	466	
3	225	362	256	205	466	
3	225	362	256	48	35	160	
3	347	365	469	140	466	
3	469	256	407	68	269	70	
3	469	101	70	
3	469	254	24	68	269	70	
3	225	362	256	407	409	269	70	
3	148	466	
3	225	362	101	70	
3	469	148	70	
3	367	254	100	408	
3	225	362	357	
3	225	140	70	
3	101	70	
3	225	362	256	407	68	112	269	70	
3	469	35	90	228	330	
3	225	71	225	362	277	70	
3	447	434	57	87	80	450	
3	139	466	
3	450	339	447	35	90	200	466	
3	450	301	407	449	48	205	466	
3	450	35	90	230	
3	460	70	
3	454	70	
3	456	208	339	
3	447	229	466	
3	462	104	453	70	
3	447	171	48	200	466	
3	460	90	230	
3	478	362	277	
3	101	
3	425	261	400	206	
3	462	171	202	478	362	
3	478	362	277	428	
3	390	52	256	404	
3	470	101	478	362	
3	447	277	428	478	362	
3	104	283	
3	35	341	200	390	279	52	
3	279	52	388	169	415	
3	390	367	192	205	134	279	
3	447	171	48	202	478	362	
3	390	279	425	170	283	269	343	
3	447	277	428	478	362	
3	390	237	216	192	462	
3	35	263	209	275	428	
3	462	32	437	202	
3	35	263	210	356	
3	263	209	256	407	390	315	
3	256	133	
3	256	230	
3	35	396	425	261	400	206	
3	35	398	155	462	
3	273	171	202	466	
3	35	209	193	209	407	390	342	
3	462	318	
3	390	52	171	202	
3	390	52	337	133	
3	35	462	372	407	98	345	
3	464	256	133	
3	447	318	
3	390	52	256	407	456	315	178	112	269	462	210	200	
3	462	277	428	
3	390	226	362	169	231	283	
3	35	101	462	56	209	
3	390	52	169	283	
3	464	193	476	
3	193	209	28	
3	447	256	
3	464	193	447	28	
3	447	171	48	202	447	
3	447	256	133	407	456	230	178	112	
3	464	256	443	390	52	428	283	269	343	
3	447	277	428	390	
3	362	175	415	200	466	
3	362	275	466	
3	204	58	390	425	367	
3	390	226	362	99	466	443	390	52	200	
3	450	135	275	466	278	208	420	
3	470	137	390	226	362	200	382	
3	390	226	362	208	89	390	425	348	265	
3	390	425	348	267	230	390	330	
3	390	226	362	99	466	
3	35	192	456	
3	462	255	
3	462	175	304	200	466	
3	462	437	407	456	
3	425	347	267	139	390	330	
3	470	208	172	41	466	
3	476	255	202	466	
3	35	301	456	
3	464	192	447	
3	447	118	23	335	269	390	184	221	269	246	
3	447	192	198	469	
3	449	208	89	464	
3	35	390	469	171	200	390	131	269	390	66	
3	449	156	390	469	
3	128	101	
3	447	114	390	97	
3	456	277	23	241	62	
3	390	349	305	419	407	217	456	340	278	177	
3	347	97	171	407	456	
3	447	88	462	
3	464	101	456	
3	447	169	283	
3	35	88	390	425	
3	390	425	348	267	144	390	328	
3	447	171	200	456	269	466	
3	101	456	
3	35	393	302	209	270	
3	447	216	139	466	
3	447	146	466	
3	35	81	407	192	390	347	361	
3	35	397	437	51	35	160	
3	244	235	447	434	89	390	279	
3	35	209	175	45	
3	27	390	279	266	186	209	
3	209	175	247	
3	35	209	77	133	456	
3	351	390	53	99	
3	35	462	437	133	
3	476	202	466	230	
3	390	367	221	269	69	270	134	279	
3	35	393	370	89	
3	476	216	437	202	466	
3	244	235	210	89	390	346	
3	476	244	235	209	192	462	283	
3	462	35	90	86	134	279	270	390	329	
3	128	99	
3	60	64	188	
3	60	63	104	287	407	250	241	63	35	462	
3	462	383	288	60	64	354	202	390	317	
3	60	63	387	462	
3	240	63	104	407	390	30	269	462	
3	397	153	
3	60	63	88	392	
3	397	332	407	445	436	200	23	290	
3	60	63	169	247	
3	75	133	128	
3	60	63	101	456	
3	323	407	456	
3	271	116	269	241	176	103	200	
3	241	63	333	407	55	350	41	
3	60	63	310	
3	185	23	353	287	
3	171	407	456	
3	277	456	
3	104	287	
3	386	407	241	63	
3	241	63	333	407	55	54	60	63	
3	60	63	326	1	427	127	124	389	
3	302	241	63	41	
3	302	241	63	41	28	
3	88	241	63	
3	462	323	407	128	
3	60	63	323	288	
3	277	128	
3	419	407	170	27	462	
3	101	456	
3	114	462	
3	241	63	208	287	
3	222	444	439	172	272	
3	171	407	456	
3	60	64	375	113	462	
3	241	63	208	345	276	456	
3	462	248	23	321	157	209	
3	248	209	283	456	
3	241	63	35	462	39	408	
3	60	63	208	200	390	317	
3	390	241	176	321	41	390	317	
3	244	235	398	249	23	74	157	209	
3	397	332	407	55	126	298	174	
3	60	64	89	392	41	
3	397	286	189	
3	397	170	270	390	330	
3	60	63	169	23	241	107	
3	357	41	200	94	
3	171	48	200	456	
3	101	456	
3	183	294	
3	449	175	87	
3	437	205	466	
3	454	70	
3	454	70	159	
3	449	419	407	142	466	
3	79	210	301	48	200	
3	27	397	228	
3	449	169	283	
3	363	421	407	168	205	23	70	
3	462	175	205	466	
3	469	216	175	200	
3	396	23	469	102	428	466	
3	449	216	418	407	414	462	205	390	
3	90	175	283	
3	469	216	301	447	205	390	46	
3	67	347	336	216	230	
3	35	447	275	428	466	
3	450	35	447	167	200	390	252	
3	462	215	392	
3	449	101	456	
3	450	208	172	202	456	
3	390	60	96	449	35	450	438	203	
3	447	88	450	453	70	
3	447	88	67	239	336	270	390	330	
3	449	220	456	200	
3	447	255	133	413	390	252	
3	31	403	336	167	
3	447	216	99	456	
3	437	407	456	230	269	466	
3	450	208	314	
3	210	172	200	94	41	450	
3	450	44	407	447	
3	450	208	202	466	
3	447	35	450	39	89	134	279	
3	450	208	276	456	
3	447	216	87	450	453	70	
3	390	241	366	403	336	39	172	200	94	41	466	
3	390	425	241	336	437	270	390	330	
3	447	99	456	
3	223	209	283	
3	456	208	99	
3	390	279	425	138	390	328	
3	456	277	28	
3	390	425	73	39	262	407	134	279	
3	210	32	235	397	39	385	
3	397	192	134	279	23	151	406	
3	90	171	80	456	
3	456	277	28	
3	232	466	200	
3	462	171	428	80	456	
3	277	209	
3	462	229	
3	101	456	
3	450	35	362	170	41	466	
3	456	277	
3	452	171	41	443	392	
3	450	35	450	228	
3	466	171	202	390	399	
3	76	104	283	
3	193	456	
3	128	208	339	
3	437	205	456	
3	390	279	273	208	105	
3	273	377	
3	210	433	41	
3	462	370	257	28	
3	275	456	
3	390	367	39	315	262	407	134	279	
3	39	194	134	279	
3	28	
3	35	462	370	257	
3	101	456	
3	362	99	456	
3	91	257	
3	362	423	41	
3	279	362	377	
3	90	377	
3	263	462	208	276	456	
3	90	377	28	
3	460	90	230	390	137	40	
3	35	462	208	172	48	35	160	407	274	456	
3	296	41	
3	397	39	89	134	279	
3	423	
3	423	
3	356	
3	449	437	202	
3	99	456	
3	77	456	
3	21	208	23	449	312	200	211	197	68	112	
3	15	395	39	425	336	273	469	35	273	132	272	390	162	
3	16	362	208	258	132	208	373	
3	19	449	179	275	390	130	105	283	269	211	195	
3	6	393	209	208	385	407	464	
3	13	244	235	397	39	385	35	397	39	181	352	122	
3	8	362	299	464	
3	20	28	
3	20	28	
3	15	464	208	322	279	435	35	447	208	155	209	
3	16	90	139	390	195	
3	19	449	154	390	469	
3	22	39	202	390	196	442	464	419	407	138	390	195	
3	19	128	208	99	
3	13	208	276	456	345	
3	6	449	208	152	443	469	
3	16	90	208	272	390	410	112	
3	16	90	179	173	287	456	35	128	208	99	
3	8	362	208	194	456	
3	13	81	453	195	
3	13	208	155	392	
3	22	39	95	41	390	195	
3	10	208	375	274	
3	6	394	390	469	35	469	180	173	453	162	
3	8	362	101	456	35	393	75	456	
3	336	355	41	
3	90	256	
3	367	254	45	
3	462	94	390	238	
3	35	378	
3	90	256	
3	209	256	352	253	
3	35	253	
3	218	272	257	
3	471	254	
3	90	424	41	
3	462	156	90	
3	336	254	37	
3	397	376	
3	449	256	
3	336	103	408	
3	17	209	333	395	208	273	60	71	109	23	362	
3	11	103	425	268	273	208	23	365	273	208	23	90	
3	18	208	257	41	
3	19	449	202	466	208	421	407	103	453	166	
3	6	209	179	381	103	453	166	
3	19	425	367	39	152	443	134	279	
3	19	449	208	
3	21	208	23	306	58	392	
3	15	462	171	202	466	35	447	208	172	27	209	
3	13	208	34	56	
3	15	464	208	34	421	407	254	202	79	83	
3	19	128	208	344	276	
3	19	449	208	111	155	462	
3	6	263	462	256	453	70	
3	9	375	447	208	202	466	
3	13	208	322	27	67	390	336	
3	13	208	375	322	
3	15	397	142	163	390	293	
3	473	356	
3	13	75	456	
3	19	70	208	421	407	168	453	317	
3	6	23	347	70	35	23	90	180	139	390	328	
3	19	347	70	208	356	287	35	452	208	421	407	168	283	
3	473	287	390	317	35	390	347	70	179	192	209	
3	473	194	390	347	70	
3	13	179	192	209	28	
3	473	89	390	347	70	
3	475	208	43	456	
3	473	89	462	
3	13	179	139	390	317	
3	475	208	200	456	
3	8	70	208	89	460	347	70	208	421	407	138	390	317	
3	19	128	208	276	345	
3	475	208	322	35	452	208	421	407	86	462	
3	19	317	208	339	
3	19	60	70	208	202	
3	475	35	390	347	70	39	287	263	
3	19	347	70	35	462	39	257	149	35	452	208	89	392	
3	22	39	384	320	269	390	317	35	390	347	70	35	462	39	287	390	307	
3	6	401	60	70	208	230	33	35	208	356	
3	6	209	208	287	390	317	35	179	78	456	
3	19	70	128	101	35	302	462	202	
3	13	256	413	68	
3	13	313	395	
3	16	362	35	90	138	
3	18	375	234	43	211	295	
3	22	254	413	466	
3	464	229	211	292	35	372	257	41	308	
3	13	218	257	308	
3	475	256	202	466	
3	13	309	456	
3	19	128	277	35	209	256	287	
3	13	372	257	45	163	462	
3	475	357	43	211	295	
3	13	256	161	35	302	464	
3	13	302	164	28	
3	464	84	120	35	323	413	390	245	291	269	466	
3	475	156	209	
3	19	92	368	31	390	442	264	323	413	456	269	466	
3	19	449	302	390	347	273	29	35	372	257	200	279	120	
3	475	374	43	390	325	297	
3	475	256	413	462	200	466	
3	475	256	207	442	456	277	
3	475	140	466	35	456	101	
3	13	256	200	390	120	269	390	92	441	171	407	456	269	466	
3	5	403	254	43	401	405	
3	475	45	163	390	365	390	227	155	209	
3	464	34	256	413	456	269	466	
3	475	256	35	334	407	390	315	68	269	466	
3	475	156	209	
3	19	128	34	277	345	
3	475	323	407	390	409	230	112	
3	475	28	156	
3	475	323	413	141	462	155	
3	475	256	453	70	35	128	101	
3	18	208	230	202	
3	90	215	464	35	67	321	133	
3	12	390	71	362	256	161	35	49	407	300	456	274	
3	475	277	456	35	256	283	
3	19	281	217	257	45	163	209	
3	7	209	104	285	359	165	289	35	372	89	390	279	426	322	408	
3	397	34	321	150	
3	19	86	110	157	425	320	41	466	
3	390	348	336	254	453	162	
3	475	218	322	35	309	259	269	456	
3	14	331	390	282	209	378	
3	13	357	35	256	430	413	456	
3	209	171	202	466	35	104	283	28	
3	19	128	101	35	462	256	50	
3	475	193	456	35	75	209	
3	
3	
3	
