1	0	3	0
1	1	99	0
1	2	241	0
1	2	463	0.9969
1	2	90	0
1	2	451	0.9969
2	0	3	0
2	1	367	0
2	2	254	0
2	3	48	0
2	4	200	0
3	0	3	0
3	1	422	0
3	2	41	0
4	0	3	0
4	1	90	0
4	2	241	0
4	2	463	1
4	2	363	0
4	2	467	1
5	0	3	0
5	1	93	0
5	2	241	0
5	2	463	1
5	2	70	0
5	2	467	1
5	3	28	0
6	0	3	0
6	1	172	0
6	2	48	0
6	3	202	0
7	0	3	0
7	1	128	0
7	2	275	0
8	0	3	0
8	1	90	0
8	2	437	0
8	3	202	0
9	0	3	0
9	1	90	0
9	2	255	0
9	3	407	0
9	4	23	0
9	5	119	0
9	6	112	0
10	0	3	0
10	1	70	0
10	2	99	0
11	0	3	0
11	1	90	0
11	2	255	0
11	3	407	0
11	4	23	0
11	5	119	0
11	6	112	0
12	0	3	0
12	1	70	0
12	2	275	0
13	0	3	0
13	1	143	0
13	2	230	0
13	3	390	0
13	3	463	1
13	3	363	0
13	3	467	1
14	0	3	0
14	1	390	0
14	1	463	0.9969
14	1	362	0
14	1	451	0.9969
14	2	437	0
14	3	48	0
14	4	200	0
15	0	3	0
15	1	390	0
15	2	425	0
15	3	336	0
15	4	230	0
15	5	390	0
15	6	330	0
16	0	3	0
16	1	362	0
16	2	101	0
17	0	3	0
17	1	128	0
17	2	277	0
18	0	3	0
18	1	362	0
18	2	357	0
18	3	41	0
19	0	3	0
19	1	209	0
19	2	125	0
19	3	209	0
19	4	28	0
20	0	3	0
20	1	362	0
20	2	171	0
20	3	202	0
21	0	3	0
21	1	128	0
21	2	277	0
22	0	3	0
22	1	90	0
22	2	171	0
22	3	202	0
23	0	3	0
23	1	90	0
23	2	256	0
23	3	407	0
23	4	114	0
24	0	3	0
24	1	128	0
24	2	101	0
25	0	3	0
25	1	90	0
25	2	256	0
25	3	48	0
25	4	407	0
25	5	440	0
25	6	209	0
25	7	434	0
26	0	3	0
26	1	128	0
26	2	277	0
27	0	3	0
27	1	362	0
27	2	171	0
27	3	283	0
28	0	3	0
28	1	90	0
28	2	171	0
28	3	283	0
29	0	3	0
29	1	367	0
29	2	355	0
29	3	41	0
29	4	390	0
29	4	463	0.9969
29	4	362	0
29	4	451	0.9969
30	0	3	0
30	1	390	0
30	2	367	0
30	3	411	0
30	4	134	0
30	5	279	0
31	0	3	0
31	1	390	1
31	1	225	0
31	1	448	1
31	1	362	1
31	2	171	0
31	3	200	0
32	0	3	0
32	1	362	0
32	2	378	0
33	0	3	0
33	1	241	0
33	1	463	0.9969
33	1	362	0
33	1	451	0.9969
33	2	35	0
33	3	90	0
33	4	228	0
34	0	3	0
34	1	362	0
34	2	216	0
34	3	175	0
34	4	219	0
34	5	283	0.9972
34	5	269	0.9972
34	5	390	0.9972
34	6	317	0
35	0	3	0
35	1	241	0
35	2	128	0
35	3	274	0
35	4	395	0
36	0	3	0
36	1	363	0
36	2	172	0
36	3	41	0
36	4	390	0
36	5	317	0
37	0	3	0
37	1	241	0
37	1	463	0.9969
37	1	362	0
37	1	451	0.9969
37	2	35	0
37	3	23	0
37	4	241	0
37	5	52	0
37	6	338	0
37	7	428	0
38	0	3	0
38	1	398	0
38	2	155	0
38	3	390	0
38	4	60	0
39	0	3	0
39	1	60	0.9999
39	1	362	0.9999
39	2	187	0
39	3	212	0
40	0	3	0
40	1	128	0
40	2	277	0
41	0	3	0
41	1	241	0
41	2	52	0
41	3	171	0
41	4	200	0
41	5	407	0
41	6	390	0
41	7	317	0
42	0	3	0
42	1	390	0
42	2	52	0
42	3	106	0
42	4	241	0
42	4	463	0.9969
42	4	90	0
42	4	451	0.9969
43	0	3	0
43	1	390	0.9985
43	1	348	0.9985
43	1	362	0.9985
43	2	345	0
43	3	101	0
43	4	390	0.9944
43	4	128	0
43	4	457	0.9944
44	0	3	0
44	1	390	0
44	2	225	0
44	3	363	0
44	4	113	0
44	5	212	0
45	0	3	0
45	1	35	0
45	2	210	0
45	3	147	0
46	0	3	0
46	1	390	0
46	2	91	0
46	3	242	0
46	4	202	0
46	5	390	0
46	6	317	0
47	0	3	0
47	1	79	0
47	2	263	0
47	3	208	0
47	4	147	0
48	0	3	0
48	1	390	0
48	2	347	0
48	3	35	0
48	4	390	0
48	5	60	0
48	6	364	0
48	7	236	0
48	8	303	0
48	9	134	0
49	0	3	0
49	1	390	1
49	1	225	0
49	1	448	1
49	1	362	1
49	2	434	0
49	3	257	0
49	4	41	0
50	0	3	0
50	1	60	0.9999
50	1	362	0.9999
50	2	243	0
50	3	190	0
50	4	48	0
50	5	200	0
50	6	390	0
50	7	317	0
51	0	3	0
51	1	60	0.9999
51	1	362	0.9999
51	2	114	0
51	3	212	0
51	4	48	0
51	5	200	0
51	6	390	0
51	7	317	0
52	0	3	0
52	1	347	1
52	1	90	0
52	1	451	1
52	2	35	0
52	3	52	0
52	4	144	0
52	5	390	0
52	6	293	0
53	0	3	0
53	1	60	0.9999
53	1	362	0.9999
53	2	104	0
53	3	283	0.9972
53	3	269	0.9972
53	3	390	0.9972
53	4	295	0
54	0	3	0
54	1	362	0
54	2	99	0
55	0	3	0
55	1	60	0.9999
55	1	362	0.9999
55	1	472	0.9957
55	1	35	0.9957
55	1	362	0
55	1	451	0.9957
55	2	138	0
55	3	330	0
56	0	3	0
56	1	362	0
56	2	275	0
57	0	3	0
57	1	90	0
57	2	256	0
58	0	3	0
58	1	60	0.9999
58	1	362	0.9999
58	1	472	0.9957
58	1	35	0.9957
58	1	90	0
58	1	451	0.9957
58	2	200	0
58	3	362	0
59	0	3	0
59	1	90	0
59	2	256	0
59	3	283	0
59	4	269	0
59	5	362	0
60	0	3	0
60	1	362	0
60	2	101	0
60	3	270	0
60	4	279	0
60	5	362	0
61	0	3	0
61	1	60	0.9999
61	1	362	0.9999
61	1	472	0.9957
61	1	35	0.9957
61	1	90	0
61	1	451	0.9957
61	2	254	0
61	3	270	0
61	4	330	0
62	0	3	0
62	1	362	0
62	2	101	0
62	3	279	0
62	4	362	0
63	0	3	0
63	1	70	0
63	2	98	0
64	0	3	0
64	1	362	0
64	2	376	0
65	0	3	0
65	1	90	0
65	2	362	0
65	3	138	0
66	0	3	0
66	1	225	0
66	2	362	0
66	3	256	0
67	0	3	0
67	1	225	0
67	2	362	0
67	3	144	0
68	0	3	0
68	1	225	0
68	2	362	0
68	3	88	0
68	4	241	0
68	4	463	0.9969
68	4	90	0
68	4	451	0.9969
69	0	3	0
69	1	90	0
69	2	376	0
69	3	43	0
69	4	102	0
70	0	3	0
70	1	225	0
70	2	362	0
70	3	138	0
71	0	3	0
71	1	35	0
71	2	90	0
71	3	138	0
72	0	3	0
72	1	362	0
72	2	277	0
73	0	3	0
73	1	148	0
74	0	3	0
74	1	90	0
74	2	323	0
74	3	45	0
75	0	3	0
75	1	362	0
75	2	101	0
75	3	144	0
76	0	3	0
76	1	362	0
76	2	277	0
76	3	144	0
77	0	3	0
77	1	362	0
77	2	86	0
77	3	90	0
78	0	3	0
78	1	90	0
78	1	472	0.9957
78	1	35	0.9957
78	1	362	0
78	1	451	0.9957
78	2	145	0
78	3	228	0
78	4	330	0
79	0	3	0
79	1	362	0
79	2	101	0
79	3	144	0
80	0	3	0
80	1	390	1
80	1	61	1
80	1	362	0
80	1	477	1
80	2	208	0
80	3	188	0
81	0	3	0
81	1	390	1
81	1	61	1
81	1	70	0
81	1	477	1
81	2	208	0
81	3	188	0
81	4	200	0
81	5	390	1
81	5	60	1
81	5	70	1
82	0	3	0
82	1	390	1
82	1	241	1
82	1	362	0
82	1	451	1
82	2	140	0
82	3	390	1
82	3	60	1
82	3	70	1
83	0	3	0
83	1	390	1
83	1	60	1
83	1	70	1
83	2	101	0
83	3	390	0.9944
83	3	128	0
83	3	457	0.9944
83	4	28	0
84	0	3	0
84	1	390	1
84	1	225	0
84	1	448	1
84	1	362	1
84	2	229	0
84	3	390	1
84	3	60	1
84	3	70	1
85	0	3	0
85	1	390	1
85	1	241	1
85	1	362	0
85	1	451	1
85	2	229	0
85	3	390	1
85	3	60	1
85	3	70	1
86	0	3	0
86	1	390	1
86	1	225	0
86	1	448	1
86	1	362	1
86	2	171	0
86	3	205	0
86	4	390	1
86	4	60	1
86	4	70	1
86	5	28	0
87	0	3	0
87	1	390	1
87	1	241	1
87	1	362	0
87	1	451	1
87	2	35	0
87	3	390	1
87	3	241	1
87	3	362	0
87	3	451	1
87	4	254	0
87	5	270	0
87	6	390	0
87	7	330	0
88	0	3	0
88	1	390	1
88	1	60	0
88	1	448	1
88	1	362	1
88	2	148	0
88	3	390	1
88	3	60	1
88	3	70	1
89	0	3	0
89	1	390	0.9944
89	1	112	0
89	1	457	0.9944
89	2	341	0
89	3	241	0
89	3	463	0.9969
89	3	90	0
89	3	451	0.9969
89	4	283	0.9972
89	4	269	0.9972
89	4	390	0.9972
89	5	70	0
90	0	3	0
90	1	390	1
90	1	225	0
90	1	448	1
90	1	362	1
90	2	171	0
90	3	205	0
90	4	390	1
90	4	60	1
90	4	70	1
91	0	3	0
91	1	390	1
91	1	241	1
91	1	362	0
91	1	451	1
91	2	35	0
91	3	390	1
91	3	241	1
91	3	362	0
91	3	451	1
91	4	432	0
91	5	287	0
92	0	3	0
92	1	390	1
92	1	241	1
92	1	90	0
92	1	451	1
92	1	140	0
92	1	455	1
92	1	390	1
92	2	70	0
93	0	3	0
93	1	390	0.9944
93	1	128	0
93	1	457	0.9944
93	2	269	0
93	3	390	0
93	3	463	1
93	3	70	0
93	3	467	1
93	4	277	0
94	0	3	0
94	1	390	1
94	1	241	1
94	1	362	0
94	1	451	1
94	1	140	0
94	1	455	1
94	1	390	1
94	2	128	0
94	3	269	0
94	4	390	1
94	4	60	1
94	4	70	1
95	0	3	0
95	1	60	0.9999
95	1	362	0.9999
95	1	101	0
95	1	459	1
95	1	390	1
95	2	70	0
96	0	3	0
96	1	101	0
96	2	390	0.9944
96	2	68	0
96	2	457	0.9944
97	0	3	0
97	1	390	0
97	1	463	0.9969
97	1	90	0
97	1	451	0.9969
97	2	104	0
97	3	283	0
98	0	3	0
98	1	128	0
98	2	277	0
99	0	3	0
99	1	390	0
99	1	463	0.9969
99	1	90	0
99	1	451	0.9969
99	2	208	0
99	3	89	0
99	4	390	1
99	4	60	1
99	4	70	1
100	0	3	0
100	1	241	0
100	1	463	1
100	1	363	0
100	1	467	1
100	2	208	0
100	3	89	0
100	4	390	1
100	4	60	1
100	4	70	1
101	0	3	0
101	1	128	0
101	2	277	0
102	0	3	0
102	1	60	0
102	2	70	0
102	3	171	0
102	4	48	0
102	5	205	0
102	6	391	0
102	7	60	0.9999
102	7	362	0.9999
102	8	171	0
102	9	48	0
102	10	205	0
102	11	241	0
102	11	463	1
102	11	70	0
102	11	467	1
103	0	3	0
103	1	241	0
103	1	463	0.9969
103	1	90	0
103	1	451	0.9969
103	2	35	0
103	3	241	0
103	3	463	0.9969
103	3	362	0
103	3	451	0.9969
103	4	144	0
103	5	390	0
103	6	330	0
104	0	3	0
104	1	128	0
104	2	277	0
105	0	3	0
105	1	60	0.9999
105	1	362	0.9999
105	2	148	0
105	3	70	0
106	0	3	0
106	1	390	0
106	2	233	0
106	3	277	0
107	0	3	0
107	1	101	0
108	0	3	0
108	1	241	0
108	1	463	0.9969
108	1	362	0
108	1	451	0.9969
108	2	318	0
108	3	41	0
109	0	3	0
109	1	390	0
109	2	233	0
109	3	101	0
110	0	3	0
110	1	390	0
110	2	233	0
110	3	101	0
110	4	443	0
110	5	390	0
110	5	463	0.9969
110	5	90	0
110	5	451	0.9969
110	6	35	0
110	7	90	0
110	8	202	0
111	0	3	0
111	1	390	1
111	1	362	0
111	1	451	1
111	1	140	0
111	1	461	1
111	1	390	1
111	2	70	0
112	0	3	0
112	1	42	0
112	2	125	0
112	3	241	0
112	3	463	0.9969
112	3	90	0
112	3	451	0.9969
113	0	3	0
113	1	390	1
113	1	60	0
113	1	448	1
113	1	362	1
113	2	140	0
113	3	241	0
113	3	463	1
113	3	70	0
113	3	467	1
114	0	3	0
114	1	390	0
114	2	425	0
114	3	348	0
114	4	336	0
114	5	228	0
114	6	390	0
114	7	293	0
115	0	3	0
115	1	362	0
115	2	378	0
115	3	319	0
116	0	3	0
116	1	90	0
116	2	372	0
116	3	257	0
117	0	3	0
117	1	367	0
117	2	123	0
117	3	163	0
117	4	134	0
117	5	279	0
118	0	3	0
118	1	362	0
118	2	424	0
119	0	3	0
119	1	390	0.9985
119	1	348	0.9985
119	1	362	0.9985
119	2	372	0
119	3	257	0
120	0	3	0
120	1	84	0
120	2	120	0
121	0	3	0
121	1	378	0
122	0	3	0
122	1	318	0
123	0	3	0
123	1	378	0
124	0	3	0
124	1	90	0
124	2	372	0
124	3	257	0
125	0	3	0
125	1	90	0
125	2	378	0
125	3	257	0
126	0	3	0
126	1	90	0
126	2	256	0
127	0	3	0
127	1	90	0
127	2	256	0
127	3	311	0
127	4	149	0
128	0	3	0
128	1	90	0
128	2	171	0
128	3	428	0
129	0	3	0
129	1	90	0
129	2	372	0
129	3	446	0
130	0	3	0
130	1	90	0
130	2	260	0
130	3	108	0
130	4	362	0
131	0	3	0
131	1	362	0
131	2	156	0
131	3	90	0
132	0	3	0
132	1	90	0
132	2	378	0
133	0	3	0
133	1	90	0
133	2	372	0
133	3	257	0
134	0	3	0
134	1	90	0
134	2	378	0
135	0	3	0
135	1	90	0
135	2	372	0
135	3	257	0
136	0	3	0
136	1	90	0
136	2	117	0
136	3	41	0
137	0	3	0
137	1	171	0
137	2	50	0
138	0	3	0
138	1	241	0
138	1	463	0.9969
138	1	90	0
138	1	451	0.9969
138	2	372	0
138	3	257	0
139	0	3	0
139	1	60	0.9999
139	1	362	0.9999
139	2	372	0
139	3	257	0
140	0	3	0
140	1	92	0
140	2	362	0
140	3	369	0
140	4	257	0
140	5	28	0
141	0	3	0
141	1	397	0
141	2	376	0
142	0	3	0
142	1	390	1
142	1	225	0
142	1	448	1
142	1	362	1
142	2	372	0
142	3	257	0
143	0	3	0
143	1	209	0
143	2	378	0
144	0	3	0
144	1	256	0
144	2	133	0
145	0	3	0
145	1	256	0
145	2	311	0
145	3	149	0
146	0	3	0
146	1	241	0
146	1	463	0.9969
146	1	362	0
146	1	451	0.9969
146	2	372	0
146	3	257	0
147	0	3	0
147	1	390	0
147	1	463	0.9969
147	1	90	0
147	1	451	0.9969
147	2	372	0
147	3	257	0
148	0	3	0
148	1	143	0
148	2	378	0
149	0	3	0
149	1	363	0
149	2	356	0
150	0	3	0
150	1	363	0
150	2	257	0
150	3	311	0
150	4	149	0
151	0	3	0
151	1	390	0
151	2	425	0
151	3	336	0
151	4	213	0
151	5	209	0
152	0	3	0
152	1	241	0
152	1	463	1
152	1	70	0
152	1	467	1
152	2	101	0
153	0	3	0
153	1	241	0
153	1	463	1
153	1	363	0
153	1	467	1
153	2	277	0
154	0	3	0
154	1	241	0
154	1	463	0.9969
154	1	362	0
154	1	451	0.9969
154	2	318	0
154	3	41	0
155	0	3	0
155	1	241	0
155	1	463	1
155	1	70	0
155	1	467	1
155	2	101	0
156	0	3	0
156	1	241	0
156	1	463	0.9969
156	1	90	0
156	1	451	0.9969
156	2	372	0
156	3	257	0
157	0	3	0
157	1	390	1
157	1	362	0
157	1	451	1
157	1	277	0
157	1	461	1
157	1	390	1
157	2	70	0
158	0	3	0
158	1	390	1
158	1	362	0
158	1	451	1
158	1	229	0
158	1	461	1
158	1	390	1
158	2	70	0
159	0	3	0
159	1	390	0
159	1	463	1
159	1	363	0
159	1	467	1
159	2	277	0
160	0	3	0
160	1	390	0
160	2	233	0
160	3	101	0
161	0	3	0
161	1	19	0
161	1	465	0.9995
161	1	347	0.9995
161	1	362	0.9995
161	2	84	0
161	3	121	0
162	0	3	0
162	1	390	0
162	1	463	0.9969
162	1	362	0
162	1	451	0.9969
162	2	372	0
162	3	155	0
162	4	209	0
163	0	3	0
163	1	241	0
163	1	463	0.9969
163	1	90	0
163	1	451	0.9969
163	2	372	0
163	3	257	0
164	0	3	0
164	1	241	0
164	1	463	1
164	1	70	0
164	1	467	1
164	2	277	0
165	0	3	0
165	1	390	0.9944
165	1	128	0
165	1	457	0.9944
165	2	99	0
166	0	3	0
166	1	390	0.9944
166	1	112	0
166	1	457	0.9944
166	2	275	0
167	0	3	0
167	1	390	0
167	2	425	0
167	3	367	0
167	4	377	0
167	5	152	0
168	0	3	0
168	1	390	1
168	1	90	0
168	1	451	1
168	1	35	0
168	1	461	1
168	1	390	1
168	2	90	0
168	3	170	0
168	4	205	0
168	5	390	0
168	5	463	1
168	5	70	0
168	5	467	1
169	0	3	0
169	1	35	0
169	2	390	0.9944
169	2	128	0
169	2	457	0.9944
169	3	101	0
170	0	3	0
170	1	390	1
170	1	90	0
170	1	451	1
170	1	202	0
170	1	461	1
170	1	390	1
170	2	70	0
171	0	3	0
171	1	416	0
171	2	241	0
171	2	463	0.9969
171	2	90	0
171	2	451	0.9969
171	3	202	0
172	0	3	0
172	1	60	0.9999
172	1	362	0.9999
172	2	88	0
172	3	390	1
172	3	241	1
172	3	90	0
172	3	451	1
172	4	35	0
172	5	90	0
172	6	270	0
173	0	3	0
173	1	390	1
173	1	225	0
173	1	448	1
173	1	362	1
173	2	77	0
173	3	390	0.9944
173	3	128	0
173	3	457	0.9944
174	0	3	0
174	1	390	0.9944
174	1	141	0
174	1	457	0.9944
174	2	99	0
175	0	3	0
175	1	19	0.9935
175	1	362	0
175	1	451	0.9935
175	2	35	0
175	3	241	0
175	3	463	0.9969
175	3	90	0
175	3	451	0.9969
175	4	254	0
175	5	205	0
175	6	390	0
175	7	330	0
176	0	3	0
176	1	390	1
176	1	60	0
176	1	448	1
176	1	362	1
176	2	255	0
176	3	283	0.9972
176	3	269	0.9972
176	3	390	0.9972
176	4	112	0
177	0	3	0
177	1	390	1
177	1	225	0
177	1	448	1
177	1	362	1
177	2	275	0
177	3	390	0.9944
177	3	112	0
177	3	457	0.9944
178	0	3	0
178	1	390	1
178	1	241	1
178	1	90	0
178	1	451	1
178	2	192	0
178	3	390	1
178	3	60	0
178	3	448	1
178	3	362	1
179	0	3	0
179	1	390	1
179	1	225	0
179	1	448	1
179	1	362	1
179	2	192	0
179	3	390	1
179	3	241	1
179	3	90	0
179	3	451	1
180	0	3	0
180	1	390	1
180	1	60	0
180	1	448	1
180	1	362	1
180	2	192	0
180	3	390	1
180	3	241	1
180	3	90	0
180	3	451	1
180	4	28	0
181	0	3	0
181	1	390	1
181	1	241	1
181	1	362	0
181	1	451	1
181	2	256	0
181	3	407	0
181	4	390	0.9944
181	4	68	0
181	4	457	0.9944
182	0	3	0
182	1	390	1
182	1	60	0
182	1	448	1
182	1	362	1
182	2	402	0
182	3	390	1
182	3	241	1
182	3	90	0
182	3	451	1
183	0	3	0
183	1	390	1
183	1	60	0
183	1	448	1
183	1	362	1
183	2	171	0
183	3	202	0
183	4	390	0
183	4	463	1
183	4	363	0
183	4	467	1
184	0	3	0
184	1	35	0
184	2	390	0.9944
184	2	112	0
184	2	457	0.9944
184	3	101	0
185	0	3	0
185	1	390	1
185	1	225	0
185	1	448	1
185	1	362	1
185	2	38	0
185	3	390	1
185	3	241	1
185	3	362	0
185	3	451	1
185	4	200	0
185	5	390	0
186	0	3	0
186	1	390	1
186	1	241	1
186	1	362	0
186	1	451	1
186	1	101	0
186	1	455	1
186	1	390	1
186	2	128	0
187	0	3	0
187	1	241	0
187	1	463	0.9969
187	1	362	0
187	1	451	0.9969
187	2	327	0
187	3	390	1
187	3	241	1
187	3	362	0
187	3	451	1
187	4	200	0
187	5	390	0.9944
187	5	68	0
187	5	457	0.9944
188	0	3	0
188	1	390	1
188	1	241	1
188	1	90	0
188	1	451	1
188	2	171	0
188	3	283	0.9972
188	3	269	0.9972
188	3	390	0.9972
188	4	317	0
189	0	3	0
189	1	390	0.9944
189	1	128	0
189	1	457	0.9944
189	2	101	0
190	0	3	0
190	1	390	1
190	1	225	0
190	1	448	1
190	1	362	1
190	2	193	0
190	3	390	0.9944
190	3	68	0
190	3	457	0.9944
190	4	133	0
191	0	3	0
191	1	390	1
191	1	241	1
191	1	90	0
191	1	451	1
191	2	35	0
191	3	390	0
191	3	463	0.9969
191	3	362	0
191	3	451	0.9969
191	4	170	0
191	5	270	0
191	6	390	0
191	7	330	0
192	0	3	0
192	1	390	1
192	1	60	0
192	1	448	1
192	1	362	1
192	2	93	0
192	3	41	0
193	0	3	0
193	1	60	0.9999
193	1	362	0.9999
193	2	224	0
193	3	390	0.9944
193	3	128	0
193	3	457	0.9944
193	4	133	0
194	0	3	0
194	1	390	0
194	1	463	0.9969
194	1	90	0
194	1	451	0.9969
194	2	418	0
194	3	407	0
194	4	168	0
194	5	284	0
194	6	283	0.9972
194	6	269	0.9972
194	6	390	0.9972
194	7	70	0
195	0	3	0
195	1	115	0
196	0	3	0
196	1	425	0
196	2	253	0
196	3	85	0
196	4	82	0
196	5	390	1
196	5	241	1
196	5	362	0
196	5	451	1
196	6	35	0
196	7	90	0
197	0	3	0
197	1	390	1
197	1	225	0
197	1	448	1
197	1	362	1
197	2	81	0
197	3	283	0.9972
197	3	269	0.9972
197	3	390	0.9972
197	4	70	0
198	0	3	0
198	1	390	1
198	1	60	0
198	1	448	1
198	1	362	1
198	2	35	0
198	3	390	0
198	3	463	0.9969
198	3	362	0
198	3	451	0.9969
198	4	39	0
198	5	385	0
199	0	3	0
199	1	39	0
199	2	194	0
199	3	134	0
199	4	279	0
200	0	3	0
200	1	390	1
200	1	241	1
200	1	90	0
200	1	451	1
200	2	208	0
200	3	65	0
200	4	390	0.9944
200	4	141	0
200	4	457	0.9944
200	5	407	0
200	6	390	0
201	0	3	0
201	1	390	1
201	1	241	1
201	1	90	0
201	1	451	1
201	2	437	0
201	3	200	0
201	4	390	0
201	4	463	1
201	4	363	0
201	4	467	1
202	0	3	0
202	1	390	1
202	1	60	0
202	1	448	1
202	1	362	1
202	2	437	0
202	3	200	0
202	4	390	0
202	4	463	1
202	4	70	0
202	4	467	1
203	0	3	0
203	1	390	0
203	2	240	0
203	3	363	0
203	4	421	0
203	5	407	0
203	6	274	0
203	7	390	0
203	7	463	1
203	7	363	0
203	7	467	1
204	0	3	0
204	1	390	1
204	1	241	1
204	1	362	0
204	1	451	1
204	2	81	0
204	3	283	0.9972
204	3	269	0.9972
204	3	390	0.9972
204	4	70	0
205	0	3	0
205	1	35	0
205	2	390	0
205	3	390	0
205	3	463	1
205	3	363	0
205	3	467	1
205	4	102	0
205	5	241	0
205	5	463	1
205	5	70	0
205	5	467	1
206	0	3	0
206	1	390	1
206	1	60	0
206	1	448	1
206	1	362	1
206	2	81	0
206	3	283	0.9972
206	3	269	0.9972
206	3	390	0.9972
206	4	70	0
207	0	3	0
207	1	208	0
207	2	89	0
207	3	390	1
207	3	241	1
207	3	90	0
207	3	451	1
207	4	35	0
208	0	3	0
208	1	397	0
208	2	228	0
208	3	390	0
208	4	293	0
209	0	3	0
209	1	390	1
209	1	60	0
209	1	448	1
209	1	362	1
209	2	171	0
209	3	200	0
209	4	35	0
209	5	283	0.9972
209	5	269	0.9972
209	5	390	0.9972
209	6	70	0
210	0	3	0
210	1	101	0
210	2	241	0
210	2	463	1
210	2	70	0
210	2	467	1
211	0	3	0
211	1	35	0
211	2	393	0
211	3	182	0
211	4	75	0
211	5	241	0
211	5	463	1
211	5	363	0
211	5	467	1
212	0	3	0
212	1	390	1
212	1	362	0
212	1	451	1
212	1	277	0
212	1	461	1
212	1	390	1
212	2	280	0
212	3	390	0.9985
212	3	348	0.9985
212	3	362	0.9985
213	0	3	0
213	1	425	0
213	2	253	0
213	3	267	0
213	4	81	0
213	5	201	0
213	6	23	0
213	7	90	0
213	8	35	0
213	9	23	0
213	10	362	0
214	0	3	0
214	1	241	0
214	1	463	0.9969
214	1	90	0
214	1	451	0.9969
214	2	208	0
214	3	257	0
214	4	41	0
215	0	3	0
215	1	390	1
215	1	362	0
215	1	451	1
215	1	101	0
215	1	461	1
215	1	390	1
215	2	362	0
215	3	208	0
215	4	371	0
215	5	407	0
215	6	168	0
215	7	25	0
216	0	3	0
216	1	183	0
216	2	421	0
216	3	407	0
216	4	300	0
216	5	191	0
216	6	435	0
216	7	283	0.9972
216	7	269	0.9972
216	7	390	0.9972
216	8	362	0
217	0	3	0
217	1	182	0
217	2	118	0
218	0	3	0
218	1	182	0
218	2	214	0
218	3	390	0
218	4	279	0
218	5	362	0
219	0	3	0
219	1	398	0
219	2	194	0
219	3	134	0
219	4	279	0
220	0	3	0
220	1	35	0
220	2	393	0
220	3	398	0
220	4	356	0
221	0	3	0
221	1	35	0
221	2	397	0
221	3	217	0
221	4	194	0
221	5	134	0
221	6	279	0
222	0	3	0
222	1	263	0
222	2	241	0
222	2	463	0.9969
222	2	362	0
222	2	451	0.9969
222	3	208	0
222	4	65	0
222	5	390	0.9944
222	5	128	0
222	5	457	0.9944
222	6	157	0
222	7	390	0
222	8	59	0
223	0	3	0
223	1	263	0
223	2	241	0
223	2	463	0.9969
223	2	362	0
223	2	451	0.9969
223	3	208	0
223	4	202	0
223	5	241	0
223	5	463	0.9969
223	5	362	0
223	5	451	0.9969
224	0	3	0
224	1	391	0
224	2	36	0
224	3	362	0
224	4	437	0
224	5	202	0
224	6	390	1
224	6	60	0
224	6	448	1
224	6	362	1
225	0	3	0
225	1	390	1
225	1	241	1
225	1	90	0
225	1	451	1
225	2	208	0
225	3	257	0
225	4	45	0
225	5	163	0
225	6	390	0
225	7	60	0
225	8	360	0
226	0	3	0
226	1	390	0
226	2	390	0
226	2	463	1
226	2	363	0
226	2	467	1
226	3	421	0
226	4	407	0
226	5	168	0
226	6	202	0
226	7	390	0
226	8	60	0
226	9	324	0
227	0	3	0
227	1	35	0
227	2	390	0
227	3	267	0
227	4	202	0
227	5	39	0
227	6	257	0
227	7	100	0
227	8	408	0
228	0	3	0
228	1	241	0
228	1	463	0.9969
228	1	90	0
228	1	451	0.9969
228	2	216	0
228	3	437	0
228	4	283	0.9972
228	4	269	0.9972
228	4	390	0.9972
228	5	362	0
229	0	3	0
229	1	390	0
229	2	241	0
229	3	92	0
229	4	390	1
229	4	241	1
229	4	362	0
229	4	451	1
229	5	101	0
229	6	70	0
230	0	3	0
230	1	390	1
230	1	241	1
230	1	90	0
230	1	451	1
230	2	89	0
230	3	241	0
230	3	463	0.9969
230	3	90	0
230	3	451	0.9969
231	0	3	0
231	1	390	1
231	1	60	0
231	1	448	1
231	1	362	1
231	2	216	0
231	3	175	0
231	4	283	0.9972
231	4	269	0.9972
231	4	390	0.9972
231	5	70	0
232	0	3	0
232	1	208	0
232	2	89	0
232	3	390	0
232	4	279	0
232	5	425	0
233	0	3	0
233	1	35	0
233	2	351	0
233	3	183	0
233	4	89	0
233	5	390	0
233	6	41	0
233	7	390	0
233	7	463	1
233	7	70	0
233	7	467	1
234	0	3	0
234	1	397	0
234	2	230	0
234	3	390	0
234	4	293	0
235	0	3	0
235	1	263	0
235	2	390	1
235	2	225	0
235	2	448	1
235	2	362	1
235	3	208	0
235	4	395	0
235	5	443	0
235	6	390	0
235	6	463	0.9969
235	6	362	0
235	6	451	0.9969
235	7	70	0
236	0	3	0
236	1	182	0
236	2	437	0
236	3	202	0
236	4	390	0
236	4	463	1
236	4	363	0
236	4	467	1
237	0	3	0
237	1	81	0
237	2	283	0
238	0	3	0
238	1	418	0
238	2	407	0
238	3	158	0
238	4	191	0
238	5	435	0
238	6	200	0
239	0	3	0
239	1	77	0
239	2	241	0
239	2	463	1
239	2	363	0
239	2	467	1
240	0	3	0
240	1	390	1
240	1	60	1
240	1	70	1
240	2	81	0
240	3	283	0
241	0	3	0
241	1	35	0
241	2	209	0
241	3	434	0
241	4	87	0
241	5	80	0
241	6	390	0
241	7	241	0
241	8	72	0
242	0	3	0
242	1	390	0
242	2	241	0
242	3	52	0
242	4	81	0
242	5	205	0
242	6	390	1
242	6	60	1
242	6	70	1
242	7	443	0
242	8	390	0
242	9	60	0
243	0	3	0
243	1	390	1
243	1	60	1
243	1	70	1
243	2	35	0
243	3	390	0
243	3	463	1
243	3	363	0
243	3	467	1
243	4	418	0
243	5	407	0
243	6	168	0
243	7	283	0
244	0	3	0
244	1	79	0
244	2	377	0
245	0	3	0
245	1	390	1
245	1	241	0
245	1	463	1
245	1	70	0
245	1	467	1
245	1	301	1
245	2	390	1
245	2	60	1
245	2	70	1
246	0	3	0
246	1	390	1
246	1	390	0
246	1	463	1
246	1	363	0
246	1	467	1
246	1	301	1
246	2	390	1
246	2	60	1
246	2	70	1
246	3	205	0
246	4	390	1
246	4	60	1
246	4	70	1
247	0	3	0
247	1	390	0
247	2	241	0
247	2	463	1
247	2	70	0
247	2	467	1
247	3	35	0
247	4	390	0
247	5	241	0
247	6	52	0
247	7	230	0
248	0	3	0
248	1	390	0
248	2	53	0
248	3	231	0
248	4	390	0
248	4	463	1
248	4	363	0
248	4	467	1
248	5	283	0
249	0	3	0
249	1	390	0
249	1	463	1
249	1	70	0
249	1	467	1
249	2	358	0
249	3	41	0
250	0	3	0
250	1	35	0
250	2	209	0
250	3	434	0
250	4	87	0
250	5	80	0
250	6	390	0
250	7	390	0
250	7	463	1
250	7	363	0
250	7	467	1
250	8	35	0
251	0	3	0
251	1	390	0
251	2	52	0
251	3	81	0
251	4	205	0
251	5	241	0
251	5	463	1
251	5	70	0
251	5	467	1
251	6	443	0
251	7	390	1
251	7	60	1
251	7	70	1
252	0	3	0
252	1	390	0
252	2	241	0
252	3	52	0
252	4	437	0
252	5	133	0
253	0	3	0
253	1	35	0
253	2	251	0
253	3	390	1
253	3	60	1
253	3	70	1
254	0	3	0
254	1	390	0
254	2	241	0
254	2	463	1
254	2	70	0
254	2	467	1
254	3	99	0
254	4	390	0
254	5	166	0
255	0	3	0
255	1	390	1
255	1	60	1
255	1	70	1
255	2	437	0
255	3	283	0
255	4	390	0
255	5	166	0
256	0	3	0
256	1	35	0
256	2	99	0
256	3	390	0
256	4	166	0
256	5	272	0
256	6	390	0
256	7	241	0
256	8	47	0
257	0	3	0
257	1	390	1
257	1	390	0
257	1	463	1
257	1	70	0
257	1	467	1
257	1	301	1
257	2	390	1
257	2	60	1
257	2	70	1
258	0	3	0
258	1	390	1
258	1	241	0
258	1	463	1
258	1	70	0
258	1	467	1
258	1	301	1
258	2	390	1
258	2	60	1
258	2	70	1
258	3	28	0
259	0	3	0
259	1	35	0
259	2	209	0
259	3	437	0
259	4	205	0
259	5	390	1
259	5	60	1
259	5	70	1
260	0	3	0
260	1	390	1
260	1	60	1
260	1	70	1
260	2	437	0
260	3	407	0
260	4	390	0.9944
260	4	128	0
260	4	457	0.9944
260	5	269	0
260	6	390	0
260	6	463	1
260	6	70	0
260	6	467	1
261	0	3	0
261	1	390	0
261	2	241	0
261	3	52	0
261	4	35	0
261	5	390	0
261	6	241	0
261	6	463	1
261	6	363	0
261	6	467	1
261	7	230	0
262	0	3	0
262	1	390	1
262	1	60	1
262	1	70	1
262	2	418	0
262	3	407	0
262	4	144	0
262	5	390	1
262	5	60	1
262	5	70	1
263	0	3	0
263	1	362	0
263	2	208	0
263	3	380	0
263	4	200	0
263	5	23	0
263	6	362	0
264	0	3	0
264	1	128	0
264	2	101	0
265	0	3	0
265	1	347	0
265	2	92	0
265	3	347	1
265	3	362	0
265	3	451	1
265	4	103	0
265	5	200	0
266	0	3	0
266	1	60	0.9999
266	1	362	0.9999
266	2	277	0
266	3	390	0.9944
266	3	112	0
266	3	457	0.9944
266	4	407	0
266	5	390	1
266	5	61	1
266	5	70	0
266	5	477	1
267	0	3	0
267	1	90	0
267	2	208	0
267	3	380	0
267	4	200	0
267	5	58	0
267	6	390	0.9944
267	6	128	0
267	6	457	0.9944
267	7	200	0
267	8	390	1
267	8	60	1
267	8	70	1
268	0	3	0
268	1	365	0
268	2	60	0.9999
268	2	362	0.9999
268	3	35	0
268	4	241	0
268	4	463	0.9969
268	4	362	0
268	4	451	0.9969
268	5	39	0
268	6	263	0
268	7	200	0
268	8	390	0
268	8	463	1
268	8	363	0
268	8	467	1
268	9	408	0
269	0	3	0
269	1	90	0
269	2	171	0
269	3	428	0
269	4	407	0
269	5	390	0.9944
269	5	112	0
269	5	457	0.9944
269	6	269	0
269	7	241	0
269	7	463	1
269	7	363	0
269	7	467	1
270	0	3	0
270	1	347	1
270	1	362	0
270	1	451	1
270	2	101	0
270	3	390	0.9944
270	3	112	0
270	3	457	0.9944
271	0	3	0
271	1	417	0
271	2	60	0
271	3	70	0
271	4	200	0
272	0	3	0
272	1	362	0
272	2	208	0
272	3	155	0
272	4	41	0
272	5	90	0
272	6	35	0
272	7	347	1
272	7	362	0
272	7	451	1
273	0	3	0
273	1	60	0.9999
273	1	362	0.9999
273	1	229	0
273	1	459	1
273	1	390	1
273	2	70	0
273	3	128	0
274	0	3	0
274	1	35	0
274	2	26	0
274	3	75	0
274	4	209	0
275	0	3	0
275	1	60	0.9999
275	1	362	0.9999
275	2	208	0
275	3	380	0
275	4	200	0
275	5	23	0
275	6	70	0
276	0	3	0
276	1	379	0
276	2	68	0
276	3	269	0
276	4	70	0
277	0	3	0
277	1	347	1
277	1	90	0
277	1	451	1
277	2	35	0
277	3	90	0
277	4	103	0
277	5	200	0
278	0	3	0
278	1	362	0
278	2	208	0
278	3	257	0
278	4	41	0
278	5	241	0
278	5	463	1
278	5	363	0
278	5	467	1
278	6	421	0
278	7	407	0
278	8	168	0
278	9	283	0
279	0	3	0
279	1	229	0
279	2	390	0
279	2	463	1
279	2	70	0
279	2	467	1
280	0	3	0
280	1	60	0.9999
280	1	362	0.9999
280	2	221	0
280	3	269	0
280	4	302	0
280	5	347	1
280	5	90	0
280	5	451	1
281	0	3	0
281	1	156	0
281	2	347	1
281	2	362	0
281	2	451	1
281	3	41	0
282	0	3	0
282	1	347	1
282	1	362	0
282	1	451	1
282	2	140	0
282	3	241	0
282	3	463	1
282	3	70	0
282	3	467	1
283	0	3	0
283	1	60	0.9999
283	1	362	0.9999
283	1	140	0
283	1	459	1
283	1	390	1
283	2	70	0
284	0	3	0
284	1	129	0
284	2	99	0
285	0	3	0
285	1	347	1
285	1	90	0
285	1	451	1
285	2	256	0
285	3	428	0
285	4	412	0
285	5	71	0
285	6	287	0
285	7	269	0
285	8	209	0
286	0	3	0
286	1	128	0
286	2	372	0
286	3	407	0
286	4	274	0
287	0	3	0
287	1	128	0
287	2	208	0
287	3	275	0
287	4	431	0
287	5	345	0
288	0	3	0
288	1	347	1
288	1	90	0
288	1	451	1
288	2	256	0
288	3	407	0
288	4	390	0
288	5	429	0
288	6	316	0
288	7	112	0
288	8	70	0
289	0	3	0
289	1	347	1
289	1	90	0
289	1	451	1
289	2	229	0
289	3	241	0
289	3	463	1
289	3	70	0
289	3	467	1
290	0	3	0
290	1	347	1
290	1	362	0
290	1	451	1
290	2	101	0
290	3	390	0.9944
290	3	112	0
290	3	457	0.9944
290	4	407	0
290	5	390	0
290	5	463	1
290	5	70	0
290	5	467	1
291	0	3	0
291	1	347	1
291	1	362	0
291	1	451	1
291	2	35	0
291	3	347	1
291	3	362	0
291	3	451	1
291	4	228	0
292	0	3	0
292	1	397	0
292	2	39	0
292	3	263	0
292	4	257	0
292	5	41	0
292	6	390	0
292	7	71	0
292	8	42	0
292	9	199	0
292	10	382	0
293	0	3	0
293	1	347	1
293	1	362	0
293	1	451	1
293	2	35	0
293	3	347	1
293	3	362	0
293	3	451	1
293	4	228	0
293	5	390	0
293	6	293	0
294	0	3	0
294	1	60	0.9999
294	1	362	0.9999
294	1	229	0
294	1	459	1
294	1	390	1
294	2	70	0
294	3	128	0
295	0	3	0
295	1	35	0
295	2	75	0
295	3	209	0
296	0	3	0
296	1	362	0
296	2	255	0
296	3	41	0
296	4	241	0
296	4	463	1
296	4	70	0
296	4	467	1
297	0	3	0
297	1	362	0
297	2	437	0
297	3	205	0
297	4	241	0
297	4	463	1
297	4	363	0
297	4	467	1
298	0	3	0
298	1	90	0
298	2	437	0
298	3	205	0
298	4	241	0
298	4	463	1
298	4	363	0
298	4	467	1
299	0	3	0
299	1	390	1
299	1	90	0
299	1	451	1
299	1	101	0
299	1	461	1
299	1	390	1
299	2	70	0
300	0	3	0
300	1	90	0
300	2	230	0
300	3	241	0
300	3	463	1
300	3	70	0
300	3	467	1
301	0	3	0
301	1	362	0
301	2	139	0
301	3	241	0
301	3	463	1
301	3	363	0
301	3	467	1
302	0	3	0
302	1	241	0
302	1	463	0.9969
302	1	90	0
302	1	451	0.9969
302	2	35	0
302	3	347	1
302	3	362	0
302	3	451	1
302	4	230	0
302	5	390	0
302	6	330	0
303	0	3	0
303	1	362	0
303	2	208	0
303	3	301	0
303	4	283	0
303	5	269	0
303	6	70	0
304	0	3	0
304	1	256	0
304	2	413	0
304	3	70	0
305	0	3	0
305	1	362	0
305	2	357	0
305	3	390	0
305	3	463	0.9969
305	3	90	0
305	3	451	0.9969
306	0	3	0
306	1	362	0
306	2	256	0
306	3	41	0
306	4	241	0
306	4	463	1
306	4	70	0
306	4	467	1
307	0	3	0
307	1	362	0
307	2	110	0
307	3	257	0
307	4	41	0
307	5	390	0
307	5	463	1
307	5	363	0
307	5	467	1
308	0	3	0
308	1	225	0
308	2	362	0
308	3	256	0
308	4	205	0
308	5	390	0
308	5	463	1
308	5	70	0
308	5	467	1
309	0	3	0
309	1	225	0
309	2	362	0
309	3	256	0
309	4	48	0
309	5	35	0
309	6	160	0
310	0	3	0
310	1	347	0
310	2	365	0
310	3	347	1
310	3	90	0
310	3	451	1
310	4	140	0
310	5	241	0
310	5	463	1
310	5	363	0
310	5	467	1
311	0	3	0
311	1	347	1
311	1	90	0
311	1	451	1
311	2	256	0
311	3	407	0
311	4	68	0
311	5	269	0
311	6	70	0
312	0	3	0
312	1	347	1
312	1	362	0
312	1	451	1
312	2	101	0
312	3	70	0
313	0	3	0
313	1	347	1
313	1	90	0
313	1	451	1
313	2	254	0
313	3	24	0
313	4	68	0
313	5	269	0
313	6	70	0
314	0	3	0
314	1	225	0
314	2	362	0
314	3	256	0
314	4	407	0
314	5	409	0
314	6	269	0
314	7	70	0
315	0	3	0
315	1	148	0
315	2	241	0
315	2	463	1
315	2	363	0
315	2	467	1
316	0	3	0
316	1	225	0
316	2	362	0
316	3	101	0
316	4	70	0
317	0	3	0
317	1	347	1
317	1	90	0
317	1	451	1
317	2	148	0
317	3	70	0
318	0	3	0
318	1	367	0
318	2	254	0
318	3	100	0
318	4	408	0
319	0	3	0
319	1	225	0
319	2	362	0
319	3	357	0
320	0	3	0
320	1	225	0
320	2	140	0
320	3	70	0
321	0	3	0
321	1	101	0
321	2	70	0
322	0	3	0
322	1	225	0
322	2	362	0
322	3	256	0
322	4	407	0
322	5	68	0
322	6	112	0
322	7	269	0
322	8	70	0
323	0	3	0
323	1	347	1
323	1	90	0
323	1	451	1
323	2	35	0
323	3	90	0
323	4	228	0
323	5	330	0
324	0	3	0
324	1	225	0
324	2	71	0
324	3	225	0
324	4	362	0
324	5	277	0
324	6	70	0
325	0	3	0
325	1	390	1
325	1	225	0
325	1	448	1
325	1	362	1
325	2	434	0
325	3	57	0
325	4	87	0
325	5	80	0
325	6	390	1
325	6	241	1
325	6	90	0
325	6	451	1
326	0	3	0
326	1	139	0
326	2	390	0
326	2	463	1
326	2	70	0
326	2	467	1
327	0	3	0
327	1	390	1
327	1	241	1
327	1	90	0
327	1	451	1
327	2	339	0
327	3	390	1
327	3	60	0
327	3	448	1
327	3	362	1
327	4	35	0
327	5	90	0
327	6	200	0
327	7	241	0
327	7	463	1
327	7	363	0
327	7	467	1
328	0	3	0
328	1	390	1
328	1	241	1
328	1	362	0
328	1	451	1
328	2	301	0
328	3	407	0
328	4	60	0.9999
328	4	362	0.9999
328	5	48	0
328	6	205	0
328	7	241	0
328	7	463	1
328	7	70	0
328	7	467	1
329	0	3	0
329	1	390	1
329	1	241	1
329	1	90	0
329	1	451	1
329	2	35	0
329	3	90	0
329	4	230	0
330	0	3	0
330	1	390	1
330	1	90	0
330	1	451	1
330	1	277	0
330	1	461	1
330	1	390	1
330	2	70	0
331	0	3	0
331	1	390	1
331	1	241	1
331	1	362	0
331	1	451	1
331	1	101	0
331	1	455	1
331	1	390	1
331	2	70	0
332	0	3	0
332	1	390	0.9944
332	1	68	0
332	1	457	0.9944
332	2	208	0
332	3	339	0
333	0	3	0
333	1	390	1
333	1	225	0
333	1	448	1
333	1	362	1
333	2	229	0
333	3	390	0
333	3	463	1
333	3	363	0
333	3	467	1
334	0	3	0
334	1	390	0
334	1	463	0.9969
334	1	90	0
334	1	451	0.9969
334	2	104	0
334	3	283	0.9972
334	3	269	0.9972
334	3	390	0.9972
334	4	70	0
335	0	3	0
335	1	390	1
335	1	225	0
335	1	448	1
335	1	362	1
335	2	171	0
335	3	48	0
335	4	200	0
335	5	390	0
335	5	463	1
335	5	70	0
335	5	467	1
336	0	3	0
336	1	390	1
336	1	362	0
336	1	451	1
336	1	230	0
336	1	461	1
336	1	390	1
336	2	90	0
336	3	230	0
337	0	3	0
337	1	390	1
337	1	136	1
337	2	362	0
337	3	277	0
338	0	3	0
338	1	101	0
339	0	3	0
339	1	425	0
339	2	261	0
339	3	400	0
339	4	206	0
340	0	3	0
340	1	390	0
340	1	463	0.9969
340	1	362	0
340	1	451	0.9969
340	2	171	0
340	3	202	0
340	4	390	1
340	4	136	1
340	5	362	0
341	0	3	0
341	1	390	1
341	1	136	1
341	2	362	0
341	3	277	0
341	4	428	0
342	0	3	0
342	1	390	0
342	2	52	0
342	3	256	0
342	4	404	0
343	0	3	0
343	1	390	0.9985
343	1	348	0.9985
343	1	362	0.9985
343	2	101	0
343	3	390	1
343	3	136	1
343	4	362	0
344	0	3	0
344	1	390	1
344	1	60	0
344	1	448	1
344	1	362	1
344	2	277	0
344	3	428	0
344	4	390	1
344	4	136	1
344	5	362	0
345	0	3	0
345	1	104	0
345	2	283	0
346	0	3	0
346	1	35	0
346	2	341	0
346	3	200	0
346	4	390	0
346	5	279	0
346	6	52	0
347	0	3	0
347	1	279	0
347	2	52	0
347	3	388	0
347	4	169	0
347	5	415	0
348	0	3	0
348	1	390	0
348	2	367	0
348	3	192	0
348	4	205	0
348	5	134	0
348	6	279	0
349	0	3	0
349	1	390	1
349	1	225	0
349	1	448	1
349	1	362	1
349	2	171	0
349	3	48	0
349	4	202	0
349	5	390	1
349	5	136	1
349	6	362	0
350	0	3	0
350	1	390	0
350	2	279	0
350	3	425	0
350	4	170	0
350	5	283	0
350	6	269	0
350	7	343	0
351	0	3	0
351	1	390	1
351	1	225	0
351	1	448	1
351	1	362	1
351	2	277	0
351	3	428	0
351	4	390	1
351	4	136	1
351	5	362	0
352	0	3	0
352	1	390	0
352	2	237	0
352	3	216	0
352	4	192	0
352	5	241	0
352	5	463	0.9969
352	5	362	0
352	5	451	0.9969
353	0	3	0
353	1	35	0
353	2	263	0
353	3	209	0
353	4	275	0
353	5	428	0
354	0	3	0
354	1	241	0
354	1	463	0.9969
354	1	90	0
354	1	451	0.9969
354	2	32	0
354	3	437	0
354	4	202	0
355	0	3	0
355	1	35	0
355	2	263	0
355	3	210	0
355	4	356	0
356	0	3	0
356	1	263	0
356	2	209	0
356	3	256	0
356	4	407	0
356	5	390	0
356	6	315	0
357	0	3	0
357	1	256	0
357	2	133	0
358	0	3	0
358	1	256	0
358	2	230	0
359	0	3	0
359	1	35	0
359	2	396	0
359	3	425	0
359	4	261	0
359	5	400	0
359	6	206	0
360	0	3	0
360	1	35	0
360	2	398	0
360	3	155	0
360	4	241	0
360	4	463	0.9969
360	4	90	0
360	4	451	0.9969
361	0	3	0
361	1	273	0
361	2	171	0
361	3	202	0
361	4	241	0
361	4	463	1
361	4	70	0
361	4	467	1
362	0	3	0
362	1	35	0
362	2	209	0
362	3	193	0
362	4	209	0
362	5	407	0
362	6	390	0
362	7	342	0
363	0	3	0
363	1	390	0
363	1	463	0.9969
363	1	90	0
363	1	451	0.9969
363	2	318	0
364	0	3	0
364	1	390	0
364	2	52	0
364	3	171	0
364	4	202	0
365	0	3	0
365	1	390	0
365	2	52	0
365	3	337	0
365	4	133	0
366	0	3	0
366	1	35	0
366	2	241	0
366	2	463	0.9969
366	2	362	0
366	2	451	0.9969
366	3	372	0
366	4	407	0
366	5	98	0
366	6	345	0
367	0	3	0
367	1	19	0
367	1	465	0.9995
367	1	347	0.9995
367	1	362	0.9995
367	2	256	0
367	3	133	0
368	0	3	0
368	1	390	1
368	1	225	0
368	1	448	1
368	1	362	1
368	2	318	0
369	0	3	0
369	1	390	0
369	2	52	0
369	3	256	0
369	4	407	0
369	5	390	0.9944
369	5	141	0
369	5	457	0.9944
369	6	315	0
369	7	178	0
369	8	112	0
369	9	269	0
369	10	390	0
369	10	463	0.9969
369	10	90	0
369	10	451	0.9969
369	11	210	0
369	12	200	0
370	0	3	0
370	1	390	0
370	1	463	0.9969
370	1	362	0
370	1	451	0.9969
370	2	277	0
370	3	428	0
371	0	3	0
371	1	390	0
371	2	226	0
371	3	362	0
371	4	169	0
371	5	231	0
371	6	283	0
372	0	3	0
372	1	35	0
372	2	101	0
372	3	241	0
372	3	463	0.9969
372	3	90	0
372	3	451	0.9969
372	4	56	0
372	5	209	0
373	0	3	0
373	1	390	0
373	2	52	0
373	3	169	0
373	4	283	0
374	0	3	0
374	1	390	0
374	1	465	0.9995
374	1	347	0.9995
374	1	362	0.9995
374	2	193	0
374	3	390	1
374	3	61	1
374	3	362	0
374	3	477	1
375	0	3	0
375	1	193	0
375	2	209	0
375	3	28	0
376	0	3	0
376	1	390	1
376	1	60	0
376	1	448	1
376	1	362	1
376	2	256	0
377	0	3	0
377	1	390	0
377	1	465	0.9995
377	1	347	0.9995
377	1	362	0.9995
377	2	193	0
377	3	390	1
377	3	225	0
377	3	448	1
377	3	362	1
377	4	28	0
378	0	3	0
378	1	390	1
378	1	60	0
378	1	448	1
378	1	362	1
378	2	171	0
378	3	48	0
378	4	202	0
378	5	390	1
378	5	60	0
378	5	448	1
378	5	362	1
379	0	3	0
379	1	390	1
379	1	225	0
379	1	448	1
379	1	362	1
379	2	256	0
379	3	133	0
379	4	407	0
379	5	390	0.9944
379	5	112	0
379	5	457	0.9944
379	6	230	0
379	7	178	0
379	8	112	0
380	0	3	0
380	1	19	0
380	1	465	0.9995
380	1	347	0.9995
380	1	362	0.9995
380	2	256	0
380	3	443	0
380	4	390	0
380	5	52	0
380	6	428	0
380	7	283	0
380	8	269	0
380	9	343	0
381	0	3	0
381	1	390	1
381	1	225	0
381	1	448	1
381	1	362	1
381	2	277	0
381	3	428	0
381	4	390	0
382	0	3	0
382	1	362	0
382	2	175	0
382	3	415	0
382	4	200	0
382	5	390	0
382	5	463	1
382	5	70	0
382	5	467	1
383	0	3	0
383	1	362	0
383	2	275	0
383	3	390	0
383	3	463	1
383	3	363	0
383	3	467	1
384	0	3	0
384	1	204	0
384	2	58	0
384	3	390	0
384	4	425	0
384	5	367	0
385	0	3	0
385	1	390	0
385	2	226	0
385	3	362	0
385	4	99	0
385	5	241	0
385	5	463	1
385	5	70	0
385	5	467	1
385	6	443	0
385	7	390	0
385	8	52	0
385	9	200	0
386	0	3	0
386	1	390	1
386	1	241	1
386	1	90	0
386	1	451	1
386	2	135	0
386	3	275	0
386	4	390	0
386	4	463	1
386	4	70	0
386	4	467	1
386	5	278	0
386	6	208	0
386	7	420	0
387	0	3	0
387	1	390	0.9985
387	1	348	0.9985
387	1	362	0.9985
387	2	137	0
387	3	390	0
387	4	226	0
387	5	362	0
387	6	200	0
387	7	382	0
388	0	3	0
388	1	390	0
388	2	226	0
388	3	362	0
388	4	208	0
388	5	89	0
388	6	390	0
388	7	425	0
388	8	348	0
388	9	265	0
389	0	3	0
389	1	390	0
389	2	425	0
389	3	348	0
389	4	267	0
389	5	230	0
389	6	390	0
389	7	330	0
390	0	3	0
390	1	390	0
390	2	226	0
390	3	362	0
390	4	99	0
390	5	241	0
390	5	463	1
390	5	363	0
390	5	467	1
391	0	3	0
391	1	35	0
391	2	192	0
391	3	390	0.9944
391	3	112	0
391	3	457	0.9944
392	0	3	0
392	1	390	0
392	1	463	0.9969
392	1	362	0
392	1	451	0.9969
392	2	255	0
393	0	3	0
393	1	241	0
393	1	463	0.9969
393	1	362	0
393	1	451	0.9969
393	2	175	0
393	3	304	0
393	4	200	0
393	5	241	0
393	5	463	1
393	5	70	0
393	5	467	1
394	0	3	0
394	1	390	0
394	1	463	0.9969
394	1	362	0
394	1	451	0.9969
394	2	437	0
394	3	407	0
394	4	390	0.9944
394	4	112	0
394	4	457	0.9944
395	0	3	0
395	1	425	0
395	2	347	0
395	3	267	0
395	4	139	0
395	5	390	0
395	6	330	0
396	0	3	0
396	1	390	0.9985
396	1	348	0.9985
396	1	362	0.9985
396	2	208	0
396	3	172	0
396	4	41	0
396	5	390	0
396	5	463	1
396	5	363	0
396	5	467	1
397	0	3	0
397	1	390	1
397	1	61	1
397	1	362	0
397	1	477	1
397	2	255	0
397	3	202	0
397	4	241	0
397	4	463	1
397	4	363	0
397	4	467	1
398	0	3	0
398	1	35	0
398	2	301	0
398	3	390	0.9944
398	3	112	0
398	3	457	0.9944
399	0	3	0
399	1	19	0
399	1	465	0.9995
399	1	347	0.9995
399	1	362	0.9995
399	2	192	0
399	3	390	1
399	3	225	0
399	3	448	1
399	3	362	1
400	0	3	0
400	1	390	1
400	1	225	0
400	1	448	1
400	1	362	1
400	2	118	0
400	3	23	0
400	4	335	0
400	5	269	0
400	6	390	0
400	7	184	0
400	8	221	0
400	9	269	0
400	10	246	0
401	0	3	0
401	1	390	1
401	1	60	0
401	1	448	1
401	1	362	1
401	2	192	0
401	3	198	0
401	4	347	1
401	4	90	0
401	4	451	1
402	0	3	0
402	1	60	0.9999
402	1	362	0.9999
402	2	208	0
402	3	89	0
402	4	390	0
402	4	465	0.9995
402	4	347	0.9995
402	4	362	0.9995
403	0	3	0
403	1	35	0
403	2	390	0
403	3	347	1
403	3	90	0
403	3	451	1
403	4	171	0
403	5	200	0
403	6	390	0
403	7	131	0
403	8	269	0
403	9	390	0
403	10	66	0
404	0	3	0
404	1	60	0.9999
404	1	362	0.9999
404	2	156	0
404	3	390	0
404	4	347	1
404	4	362	0
404	4	451	1
405	0	3	0
405	1	128	0
405	2	101	0
406	0	3	0
406	1	390	1
406	1	225	0
406	1	448	1
406	1	362	1
406	2	114	0
406	3	390	0
406	4	97	0
407	0	3	0
407	1	390	0.9944
407	1	112	0
407	1	457	0.9944
407	2	277	0
407	3	23	0
407	4	241	0
407	5	62	0
408	0	3	0
408	1	390	0
408	2	349	0
408	3	305	0
408	4	419	0
408	5	407	0
408	6	217	0
408	7	390	0.9944
408	7	141	0
408	7	457	0.9944
408	8	340	0
408	9	278	0
408	10	177	0
409	0	3	0
409	1	347	0
409	2	97	0
409	3	171	0
409	4	407	0
409	5	390	0.9944
409	5	112	0
409	5	457	0.9944
410	0	3	0
410	1	390	1
410	1	60	0
410	1	448	1
410	1	362	1
410	2	88	0
410	3	241	0
410	3	463	0.9969
410	3	90	0
410	3	451	0.9969
411	0	3	0
411	1	390	0
411	1	465	0.9995
411	1	347	0.9995
411	1	362	0.9995
411	2	101	0
411	3	390	0.9944
411	3	128	0
411	3	457	0.9944
412	0	3	0
412	1	390	1
412	1	60	0
412	1	448	1
412	1	362	1
412	2	169	0
412	3	283	0
413	0	3	0
413	1	35	0
413	2	88	0
413	3	390	0
413	4	425	0
414	0	3	0
414	1	390	0
414	2	425	0
414	3	348	0
414	4	267	0
414	5	144	0
414	6	390	0
414	7	328	0
415	0	3	0
415	1	390	1
415	1	60	0
415	1	448	1
415	1	362	1
415	2	171	0
415	3	200	0
415	4	390	0.9944
415	4	112	0
415	4	457	0.9944
415	5	269	0
415	6	390	0
415	6	463	1
415	6	70	0
415	6	467	1
416	0	3	0
416	1	101	0
416	2	390	0.9944
416	2	128	0
416	2	457	0.9944
417	0	3	0
417	1	35	0
417	2	393	0
417	3	302	0
417	4	209	0
417	5	270	0
418	0	3	0
418	1	390	1
418	1	225	0
418	1	448	1
418	1	362	1
418	2	216	0
418	3	139	0
418	4	241	0
418	4	463	1
418	4	363	0
418	4	467	1
419	0	3	0
419	1	390	1
419	1	60	0
419	1	448	1
419	1	362	1
419	2	146	0
419	3	390	0
419	3	463	1
419	3	70	0
419	3	467	1
420	0	3	0
420	1	35	0
420	2	81	0
420	3	407	0
420	4	192	0
420	5	390	0
420	6	347	0
420	7	361	0
421	0	3	0
421	1	35	0
421	2	397	0
421	3	437	0
421	4	51	0
421	5	35	0
421	6	160	0
422	0	3	0
422	1	244	0
422	2	235	0
422	3	390	1
422	3	225	0
422	3	448	1
422	3	362	1
422	4	434	0
422	5	89	0
422	6	390	0
422	7	279	0
423	0	3	0
423	1	35	0
423	2	209	0
423	3	175	0
423	4	45	0
424	0	3	0
424	1	27	0
424	2	390	0
424	3	279	0
424	4	266	0
424	5	186	0
424	6	209	0
425	0	3	0
425	1	209	0
425	2	175	0
425	3	247	0
426	0	3	0
426	1	35	0
426	2	209	0
426	3	77	0
426	4	133	0
426	5	390	0.9944
426	5	112	0
426	5	457	0.9944
427	0	3	0
427	1	351	0
427	2	390	0
427	3	53	0
427	4	99	0
428	0	3	0
428	1	35	0
428	2	390	0
428	2	463	0.9969
428	2	90	0
428	2	451	0.9969
428	3	437	0
428	4	133	0
429	0	3	0
429	1	390	1
429	1	61	1
429	1	362	0
429	1	477	1
429	2	202	0
429	3	390	0
429	3	463	1
429	3	363	0
429	3	467	1
429	4	230	0
430	0	3	0
430	1	390	0
430	2	367	0
430	3	221	0
430	4	269	0
430	5	69	0
430	6	270	0
430	7	134	0
430	8	279	0
431	0	3	0
431	1	35	0
431	2	393	0
431	3	370	0
431	4	89	0
432	0	3	0
432	1	390	1
432	1	61	1
432	1	70	0
432	1	477	1
432	2	216	0
432	3	437	0
432	4	202	0
432	5	390	0
432	5	463	1
432	5	70	0
432	5	467	1
433	0	3	0
433	1	244	0
433	2	235	0
433	3	210	0
433	4	89	0
433	5	390	0
433	6	346	0
434	0	3	0
434	1	390	1
434	1	61	1
434	1	70	0
434	1	477	1
434	2	244	0
434	3	235	0
434	4	209	0
434	5	192	0
434	6	241	0
434	6	463	0.9969
434	6	90	0
434	6	451	0.9969
434	7	283	0
435	0	3	0
435	1	241	0
435	1	463	0.9969
435	1	362	0
435	1	451	0.9969
435	2	35	0
435	3	90	0
435	4	86	0
435	5	134	0
435	6	279	0
435	7	270	0
435	8	390	0
435	9	329	0
436	0	3	0
436	1	128	0
436	2	99	0
437	0	3	0
437	1	60	0
437	2	64	0
437	3	188	0
438	0	3	0
438	1	60	0
438	2	63	0
438	3	104	0
438	4	287	0
438	5	407	0
438	6	250	0
438	7	241	0
438	8	63	0
438	9	35	0
438	10	241	0
438	10	463	0.9969
438	10	362	0
438	10	451	0.9969
439	0	3	0
439	1	241	0
439	1	463	0.9969
439	1	362	0
439	1	451	0.9969
439	2	383	0
439	3	288	0
439	4	60	0
439	5	64	0
439	6	354	0
439	7	202	0
439	8	390	0
439	9	317	0
440	0	3	0
440	1	60	0
440	2	63	0
440	3	387	0
440	4	390	0
440	4	463	0.9969
440	4	362	0
440	4	451	0.9969
441	0	3	0
441	1	240	0
441	2	63	0
441	3	104	0
441	4	407	0
441	5	390	0
441	6	30	0
441	7	269	0
441	8	390	0
441	8	463	0.9969
441	8	362	0
441	8	451	0.9969
442	0	3	0
442	1	397	0
442	2	153	0
443	0	3	0
443	1	60	0
443	2	63	0
443	3	88	0
443	4	392	0
444	0	3	0
444	1	397	0
444	2	332	0
444	3	407	0
444	4	445	0
444	5	436	0
444	6	200	0
444	7	23	0
444	8	290	0
445	0	3	0
445	1	60	0
445	2	63	0
445	3	169	0
445	4	247	0
446	0	3	0
446	1	75	0
446	2	133	0
446	3	128	0
447	0	3	0
447	1	60	0
447	2	63	0
447	3	101	0
447	4	390	0.9944
447	4	141	0
447	4	457	0.9944
448	0	3	0
448	1	323	0
448	2	407	0
448	3	390	0.9944
448	3	128	0
448	3	457	0.9944
449	0	3	0
449	1	271	0
449	2	116	0
449	3	269	0
449	4	241	0
449	5	176	0
449	6	103	0
449	7	200	0
450	0	3	0
450	1	241	0
450	2	63	0
450	3	333	0
450	4	407	0
450	5	55	0
450	6	350	0
450	7	41	0
451	0	3	0
451	1	60	0
451	2	63	0
451	3	310	0
452	0	3	0
452	1	185	0
452	2	23	0
452	3	353	0
452	4	287	0
453	0	3	0
453	1	171	0
453	2	407	0
453	3	390	0.9944
453	3	128	0
453	3	457	0.9944
454	0	3	0
454	1	277	0
454	2	390	0.9944
454	2	128	0
454	2	457	0.9944
455	0	3	0
455	1	104	0
455	2	287	0
456	0	3	0
456	1	386	0
456	2	407	0
456	3	241	0
456	4	63	0
457	0	3	0
457	1	241	0
457	2	63	0
457	3	333	0
457	4	407	0
457	5	55	0
457	6	54	0
457	7	60	0
457	8	63	0
458	0	3	0
458	1	60	0
458	2	63	0
458	3	326	0
458	4	1	0
458	5	427	0
458	6	127	0
458	7	124	0
458	8	389	0
459	0	3	0
459	1	302	0
459	2	241	0
459	3	63	0
459	4	41	0
460	0	3	0
460	1	302	0
460	2	241	0
460	3	63	0
460	4	41	0
460	5	28	0
461	0	3	0
461	1	88	0
461	2	241	0
461	3	63	0
462	0	3	0
462	1	390	0
462	1	463	0.9969
462	1	90	0
462	1	451	0.9969
462	2	323	0
462	3	407	0
462	4	128	0
463	0	3	0
463	1	60	0
463	2	63	0
463	3	323	0
463	4	288	0
464	0	3	0
464	1	277	0
464	2	128	0
465	0	3	0
465	1	419	0
465	2	407	0
465	3	170	0
465	4	27	0
465	5	241	0
465	5	463	0.9969
465	5	362	0
465	5	451	0.9969
466	0	3	0
466	1	101	0
466	2	390	0.9944
466	2	128	0
466	2	457	0.9944
467	0	3	0
467	1	114	0
467	2	390	0
467	2	463	0.9969
467	2	90	0
467	2	451	0.9969
468	0	3	0
468	1	241	0
468	2	63	0
468	3	208	0
468	4	287	0
469	0	3	0
469	1	222	0
469	2	444	0
469	3	439	0
469	4	172	0
469	5	272	0
470	0	3	0
470	1	171	0
470	2	407	0
470	3	390	0.9944
470	3	68	0
470	3	457	0.9944
471	0	3	0
471	1	60	0
471	2	64	0
471	3	375	0
471	4	113	0
471	5	241	0
471	5	463	0.9969
471	5	90	0
471	5	451	0.9969
472	0	3	0
472	1	241	0
472	2	63	0
472	3	208	0
472	4	345	0
472	5	276	0
472	6	390	0.9944
472	6	128	0
472	6	457	0.9944
473	0	3	0
473	1	241	0
473	1	463	0.9969
473	1	362	0
473	1	451	0.9969
473	2	248	0
473	3	23	0
473	4	321	0
473	5	157	0
473	6	209	0
474	0	3	0
474	1	248	0
474	2	209	0
474	3	283	0
474	4	390	0.9944
474	4	68	0
474	4	457	0.9944
475	0	3	0
475	1	241	0
475	2	63	0
475	3	35	0
475	4	390	0
475	4	463	0.9969
475	4	90	0
475	4	451	0.9969
475	5	39	0
475	6	408	0
476	0	3	0
476	1	60	0
476	2	63	0
476	3	208	0
476	4	200	0
476	5	390	0
476	6	317	0
477	0	3	0
477	1	390	0
477	2	241	0
477	3	176	0
477	4	321	0
477	5	41	0
477	6	390	0
477	7	317	0
478	0	3	0
478	1	244	0
478	2	235	0
478	3	398	0
478	4	249	0
478	5	23	0
478	6	74	0
478	7	157	0
478	8	209	0
479	0	3	0
479	1	397	0
479	2	332	0
479	3	407	0
479	4	55	0
479	5	126	0
479	6	298	0
479	7	174	0
480	0	3	0
480	1	60	0
480	2	64	0
480	3	89	0
480	4	392	0
480	5	41	0
481	0	3	0
481	1	397	0
481	2	286	0
481	3	189	0
482	0	3	0
482	1	397	0
482	2	170	0
482	3	270	0
482	4	390	0
482	5	330	0
483	0	3	0
483	1	60	0
483	2	63	0
483	3	169	0
483	4	23	0
483	5	241	0
483	6	107	0
484	0	3	0
484	1	357	0
484	2	41	0
484	3	200	0
484	4	94	0
485	0	3	0
485	1	171	0
485	2	48	0
485	3	200	0
485	4	390	0.9944
485	4	112	0
485	4	457	0.9944
486	0	3	0
486	1	101	0
486	2	390	0.9944
486	2	128	0
486	2	457	0.9944
487	0	3	0
487	1	183	0
487	2	294	0
488	0	3	0
488	1	60	0.9999
488	1	362	0.9999
488	2	175	0
488	3	87	0
489	0	3	0
489	1	437	0
489	2	205	0
489	3	241	0
489	3	463	1
489	3	70	0
489	3	467	1
490	0	3	0
490	1	390	1
490	1	241	1
490	1	90	0
490	1	451	1
490	1	101	0
490	1	455	1
490	1	390	1
490	2	70	0
491	0	3	0
491	1	390	1
491	1	241	1
491	1	362	0
491	1	451	1
491	1	101	0
491	1	455	1
491	1	390	1
491	2	70	0
491	3	159	0
492	0	3	0
492	1	60	0.9999
492	1	362	0.9999
492	2	419	0
492	3	407	0
492	4	142	0
492	5	390	0
492	5	463	1
492	5	363	0
492	5	467	1
493	0	3	0
493	1	79	0
493	2	210	0
493	3	301	0
493	4	48	0
493	5	200	0
494	0	3	0
494	1	27	0
494	2	397	0
494	3	228	0
495	0	3	0
495	1	60	0.9999
495	1	362	0.9999
495	2	169	0
495	3	283	0
496	0	3	0
496	1	363	0
496	2	421	0
496	3	407	0
496	4	168	0
496	5	205	0
496	6	23	0
496	7	70	0
497	0	3	0
497	1	390	0
497	1	463	0.9969
497	1	90	0
497	1	451	0.9969
497	2	175	0
497	3	205	0
497	4	241	0
497	4	463	1
497	4	363	0
497	4	467	1
498	0	3	0
498	1	347	1
498	1	362	0
498	1	451	1
498	2	216	0
498	3	175	0
498	4	200	0
499	0	3	0
499	1	396	0
499	2	23	0
499	3	347	1
499	3	362	0
499	3	451	1
499	4	102	0
499	5	428	0
499	6	390	0
499	6	463	1
499	6	70	0
499	6	467	1
500	0	3	0
500	1	60	0.9999
500	1	362	0.9999
500	2	216	0
500	3	418	0
500	4	407	0
500	5	414	0
500	6	241	0
500	6	463	0.9969
500	6	362	0
500	6	451	0.9969
500	7	205	0
500	8	390	0
501	0	3	0
501	1	90	0
501	2	175	0
501	3	283	0
502	0	3	0
502	1	347	1
502	1	362	0
502	1	451	1
502	2	216	0
502	3	301	0
502	4	390	1
502	4	60	0
502	4	448	1
502	4	362	1
502	5	205	0
502	6	390	0
502	7	46	0
503	0	3	0
503	1	67	0
503	2	347	0
503	3	336	0
503	4	216	0
503	5	230	0
504	0	3	0
504	1	35	0
504	2	390	1
504	2	60	0
504	2	448	1
504	2	362	1
504	3	275	0
504	4	428	0
504	5	390	0
504	5	463	1
504	5	363	0
504	5	467	1
505	0	3	0
505	1	390	1
505	1	241	1
505	1	362	0
505	1	451	1
505	2	35	0
505	3	390	1
505	3	60	0
505	3	448	1
505	3	362	1
505	4	167	0
505	5	200	0
505	6	390	0
505	7	252	0
506	0	3	0
506	1	390	0
506	1	463	0.9969
506	1	362	0
506	1	451	0.9969
506	2	215	0
506	3	392	0
507	0	3	0
507	1	60	0.9999
507	1	362	0.9999
507	2	101	0
507	3	390	0.9944
507	3	141	0
507	3	457	0.9944
508	0	3	0
508	1	390	1
508	1	241	1
508	1	362	0
508	1	451	1
508	2	208	0
508	3	172	0
508	4	202	0
508	5	390	0.9944
508	5	128	0
508	5	457	0.9944
509	0	3	0
509	1	390	0
509	2	60	0
509	3	96	0
509	4	60	0.9999
509	4	362	0.9999
509	5	35	0
509	6	390	1
509	6	241	1
509	6	362	0
509	6	451	1
509	7	438	0
509	8	203	0
510	0	3	0
510	1	390	1
510	1	60	0
510	1	448	1
510	1	362	1
510	2	88	0
510	3	390	1
510	3	241	1
510	3	362	0
510	3	451	1
510	4	283	0.9972
510	4	269	0.9972
510	4	390	0.9972
510	5	70	0
511	0	3	0
511	1	390	1
511	1	60	0
511	1	448	1
511	1	362	1
511	2	88	0
511	3	67	0
511	4	239	0
511	5	336	0
511	6	270	0
511	7	390	0
511	8	330	0
512	0	3	0
512	1	60	0.9999
512	1	362	0.9999
512	2	220	0
512	3	390	0.9944
512	3	112	0
512	3	457	0.9944
512	4	200	0
513	0	3	0
513	1	390	1
513	1	60	0
513	1	448	1
513	1	362	1
513	2	255	0
513	3	133	0
513	4	413	0
513	5	390	0
513	6	252	0
514	0	3	0
514	1	31	0
514	2	403	0
514	3	336	0
514	4	167	0
515	0	3	0
515	1	390	1
515	1	60	0
515	1	448	1
515	1	362	1
515	2	216	0
515	3	99	0
515	4	390	0.9944
515	4	128	0
515	4	457	0.9944
516	0	3	0
516	1	437	0
516	2	407	0
516	3	390	0.9944
516	3	128	0
516	3	457	0.9944
516	4	230	0
516	5	269	0
516	6	241	0
516	6	463	1
516	6	363	0
516	6	467	1
517	0	3	0
517	1	390	1
517	1	241	1
517	1	90	0
517	1	451	1
517	2	208	0
517	3	314	0
518	0	3	0
518	1	210	0
518	2	172	0
518	3	200	0
518	4	94	0
518	5	41	0
518	6	390	1
518	6	241	1
518	6	362	0
518	6	451	1
519	0	3	0
519	1	390	1
519	1	241	1
519	1	90	0
519	1	451	1
519	2	44	0
519	3	407	0
519	4	390	1
519	4	225	0
519	4	448	1
519	4	362	1
520	0	3	0
520	1	390	1
520	1	241	1
520	1	362	0
520	1	451	1
520	2	208	0
520	3	202	0
520	4	241	0
520	4	463	1
520	4	363	0
520	4	467	1
521	0	3	0
521	1	390	1
521	1	60	0
521	1	448	1
521	1	362	1
521	2	35	0
521	3	390	1
521	3	241	1
521	3	90	0
521	3	451	1
521	4	39	0
521	5	89	0
521	6	134	0
521	7	279	0
522	0	3	0
522	1	390	1
522	1	241	1
522	1	362	0
522	1	451	1
522	2	208	0
522	3	276	0
522	4	390	0.9944
522	4	128	0
522	4	457	0.9944
523	0	3	0
523	1	390	1
523	1	60	0
523	1	448	1
523	1	362	1
523	2	216	0
523	3	87	0
523	4	390	1
523	4	241	1
523	4	362	0
523	4	451	1
523	5	283	0.9972
523	5	269	0.9972
523	5	390	0.9972
523	6	70	0
524	0	3	0
524	1	390	0
524	2	241	0
524	3	366	0
524	4	403	0
524	5	336	0
524	6	39	0
524	7	172	0
524	8	200	0
524	9	94	0
524	10	41	0
524	11	390	0
524	11	463	1
524	11	363	0
524	11	467	1
525	0	3	0
525	1	390	0
525	2	425	0
525	3	241	0
525	4	336	0
525	5	437	0
525	6	270	0
525	7	390	0
525	8	330	0
526	0	3	0
526	1	390	1
526	1	225	0
526	1	448	1
526	1	362	1
526	2	99	0
526	3	390	0.9944
526	3	128	0
526	3	457	0.9944
527	0	3	0
527	1	223	0
527	2	209	0
527	3	283	0
528	0	3	0
528	1	390	0.9944
528	1	128	0
528	1	457	0.9944
528	2	208	0
528	3	99	0
529	0	3	0
529	1	390	0
529	2	279	0
529	3	425	0
529	4	138	0
529	5	390	0
529	6	328	0
530	0	3	0
530	1	390	0.9944
530	1	128	0
530	1	457	0.9944
530	2	277	0
530	3	28	0
531	0	3	0
531	1	390	0
531	2	425	0
531	3	73	0
531	4	39	0
531	5	262	0
531	6	407	0
531	7	134	0
531	8	279	0
532	0	3	0
532	1	210	0
532	2	32	0
532	3	235	0
532	4	397	0
532	5	39	0
532	6	385	0
533	0	3	0
533	1	397	0
533	2	192	0
533	3	134	0
533	4	279	0
533	5	23	0
533	6	151	0
533	7	406	0
534	0	3	0
534	1	90	0
534	2	171	0
534	3	80	0
534	4	390	0.9944
534	4	128	0
534	4	457	0.9944
535	0	3	0
535	1	390	0.9944
535	1	68	0
535	1	457	0.9944
535	2	277	0
535	3	28	0
536	0	3	0
536	1	232	0
536	2	390	0
536	2	463	1
536	2	363	0
536	2	467	1
536	3	200	0
537	0	3	0
537	1	390	0
537	1	463	0.9969
537	1	362	0
537	1	451	0.9969
537	2	171	0
537	3	428	0
537	4	80	0
537	5	390	0.9944
537	5	112	0
537	5	457	0.9944
538	0	3	0
538	1	277	0
538	2	209	0
539	0	3	0
539	1	241	0
539	1	463	0.9969
539	1	90	0
539	1	451	0.9969
539	2	229	0
540	0	3	0
540	1	101	0
540	2	390	0.9944
540	2	68	0
540	2	457	0.9944
541	0	3	0
541	1	390	1
541	1	241	1
541	1	90	0
541	1	451	1
541	2	35	0
541	3	362	0
541	4	170	0
541	5	41	0
541	6	390	0
541	6	463	1
541	6	70	0
541	6	467	1
542	0	3	0
542	1	390	0.9944
542	1	68	0
542	1	457	0.9944
542	2	277	0
543	0	3	0
543	1	390	1
543	1	60	1
543	1	70	1
543	2	171	0
543	3	41	0
543	4	443	0
543	5	392	0
544	0	3	0
544	1	390	1
544	1	241	1
544	1	362	0
544	1	451	1
544	2	35	0
544	3	390	1
544	3	241	1
544	3	362	0
544	3	451	1
544	4	228	0
545	0	3	0
545	1	241	0
545	1	463	1
545	1	363	0
545	1	467	1
545	2	171	0
545	3	202	0
545	4	390	0
545	5	399	0
546	0	3	0
546	1	76	0
546	2	104	0
546	3	283	0
547	0	3	0
547	1	193	0
547	2	390	0.9944
547	2	112	0
547	2	457	0.9944
548	0	3	0
548	1	128	0
548	2	208	0
548	3	339	0
549	0	3	0
549	1	437	0
549	2	205	0
549	3	390	0.9944
549	3	112	0
549	3	457	0.9944
550	0	3	0
550	1	390	0
550	2	279	0
550	3	273	0
550	4	208	0
550	5	105	0
551	0	3	0
551	1	273	0
551	2	377	0
552	0	3	0
552	1	210	0
552	2	433	0
552	3	41	0
553	0	3	0
553	1	241	0
553	1	463	0.9969
553	1	90	0
553	1	451	0.9969
553	2	370	0
553	3	257	0
553	4	28	0
554	0	3	0
554	1	275	0
554	2	390	0.9944
554	2	68	0
554	2	457	0.9944
555	0	3	0
555	1	390	0
555	2	367	0
555	3	39	0
555	4	315	0
555	5	262	0
555	6	407	0
555	7	134	0
555	8	279	0
556	0	3	0
556	1	39	0
556	2	194	0
556	3	134	0
556	4	279	0
557	0	3	0
557	1	28	0
558	0	3	0
558	1	35	0
558	2	241	0
558	2	463	0.9969
558	2	362	0
558	2	451	0.9969
558	3	370	0
558	4	257	0
559	0	3	0
559	1	101	0
559	2	390	0.9944
559	2	112	0
559	2	457	0.9944
560	0	3	0
560	1	362	0
560	2	99	0
560	3	390	0.9944
560	3	112	0
560	3	457	0.9944
561	0	3	0
561	1	91	0
561	2	257	0
562	0	3	0
562	1	362	0
562	2	423	0
562	3	41	0
563	0	3	0
563	1	279	0
563	2	362	0
563	3	377	0
564	0	3	0
564	1	90	0
564	2	377	0
565	0	3	0
565	1	263	0
565	2	241	0
565	2	463	0.9969
565	2	362	0
565	2	451	0.9969
565	3	208	0
565	4	276	0
565	5	390	0.9944
565	5	128	0
565	5	457	0.9944
566	0	3	0
566	1	90	0
566	2	377	0
566	3	28	0
567	0	3	0
567	1	390	1
567	1	90	0
567	1	451	1
567	1	229	0
567	1	461	1
567	1	390	1
567	2	90	0
567	3	230	0
567	4	390	0
567	5	137	0
567	6	40	0
568	0	3	0
568	1	35	0
568	2	241	0
568	2	463	0.9969
568	2	362	0
568	2	451	0.9969
568	3	208	0
568	4	172	0
568	5	48	0
568	6	35	0
568	7	160	0
568	8	407	0
568	9	274	0
568	10	390	0.9944
568	10	141	0
568	10	457	0.9944
569	0	3	0
569	1	296	0
569	2	41	0
570	0	3	0
570	1	397	0
570	2	39	0
570	3	89	0
570	4	134	0
570	5	279	0
571	0	3	0
571	1	423	0
572	0	3	0
572	1	423	0
573	0	3	0
573	1	356	0
574	0	3	0
574	1	60	0.9999
574	1	362	0.9999
574	2	437	0
574	3	202	0
575	0	3	0
575	1	99	0
575	2	390	0.9944
575	2	141	0
575	2	457	0.9944
576	0	3	0
576	1	77	0
576	2	390	0.9944
576	2	128	0
576	2	457	0.9944
577	0	3	0
577	1	21	0
577	2	208	0
577	3	23	0
577	4	60	0.9999
577	4	362	0.9999
577	5	312	0
577	6	200	0
577	7	211	0
577	8	197	0
577	9	68	0
577	10	112	0
578	0	3	0
578	1	15	0
578	2	395	0
578	3	39	0
578	4	425	0
578	5	336	0
578	6	273	0
578	7	347	1
578	7	90	0
578	7	451	1
578	8	35	0
578	9	273	0
578	10	132	0
578	11	272	0
578	12	390	0
578	13	162	0
579	0	3	0
579	1	16	0
579	2	362	0
579	3	208	0
579	4	258	0
579	5	132	0
579	6	208	0
579	7	373	0
580	0	3	0
580	1	19	0
580	2	60	0.9999
580	2	362	0.9999
580	3	179	0
580	4	275	0
580	5	390	0
580	6	130	0
580	7	105	0
580	8	283	0
580	9	269	0
580	10	211	0
580	11	195	0
581	0	3	0
581	1	6	0
581	2	393	0
581	3	209	0
581	4	208	0
581	5	385	0
581	6	407	0
581	7	19	0
581	7	465	0.9995
581	7	347	0.9995
581	7	362	0.9995
582	0	3	0
582	1	13	0
582	2	244	0
582	3	235	0
582	4	397	0
582	5	39	0
582	6	385	0
582	7	35	0
582	8	397	0
582	9	39	0
582	10	181	0
582	11	352	0
582	12	122	0
583	0	3	0
583	1	8	0
583	2	362	0
583	3	299	0
583	4	390	0
583	4	465	0.9995
583	4	347	0.9995
583	4	362	0.9995
584	0	3	0
584	1	20	0
584	2	28	0
585	0	3	0
585	1	20	0
585	2	28	0
586	0	3	0
586	1	15	0
586	2	390	0
586	2	465	0.9995
586	2	347	0.9995
586	2	362	0.9995
586	3	208	0
586	4	322	0
586	5	279	0
586	6	435	0
586	7	35	0
586	8	390	1
586	8	60	0
586	8	448	1
586	8	362	1
586	9	208	0
586	10	155	0
586	11	209	0
587	0	3	0
587	1	16	0
587	2	90	0
587	3	139	0
587	4	390	0
587	5	195	0
588	0	3	0
588	1	19	0
588	2	60	0.9999
588	2	362	0.9999
588	3	154	0
588	4	390	0
588	5	347	1
588	5	90	0
588	5	451	1
589	0	3	0
589	1	22	0
589	2	39	0
589	3	202	0
589	4	390	0
589	5	196	0
589	6	442	0
589	7	19	0
589	7	465	0.9995
589	7	347	0.9995
589	7	362	0.9995
589	8	419	0
589	9	407	0
589	10	138	0
589	11	390	0
589	12	195	0
590	0	3	0
590	1	19	0
590	2	128	0
590	3	208	0
590	4	99	0
591	0	3	0
591	1	13	0
591	2	208	0
591	3	276	0
591	4	390	0.9944
591	4	141	0
591	4	457	0.9944
591	5	345	0
592	0	3	0
592	1	6	0
592	2	60	0.9999
592	2	362	0.9999
592	3	208	0
592	4	152	0
592	5	443	0
592	6	347	1
592	6	90	0
592	6	451	1
593	0	3	0
593	1	16	0
593	2	90	0
593	3	208	0
593	4	272	0
593	5	390	0
593	6	410	0
593	7	112	0
594	0	3	0
594	1	16	0
594	2	90	0
594	3	179	0
594	4	173	0
594	5	287	0
594	6	390	0.9944
594	6	112	0
594	6	457	0.9944
594	7	35	0
594	8	128	0
594	9	208	0
594	10	99	0
595	0	3	0
595	1	8	0
595	2	362	0
595	3	208	0
595	4	194	0
595	5	390	0.9944
595	5	128	0
595	5	457	0.9944
596	0	3	0
596	1	13	0
596	2	81	0
596	3	283	0.9972
596	3	269	0.9972
596	3	390	0.9972
596	4	195	0
597	0	3	0
597	1	13	0
597	2	208	0
597	3	155	0
597	4	392	0
598	0	3	0
598	1	22	0
598	2	39	0
598	3	95	0
598	4	41	0
598	5	390	0
598	6	195	0
599	0	3	0
599	1	10	0
599	2	208	0
599	3	375	0
599	4	274	0
600	0	3	0
600	1	6	0
600	2	394	0
600	3	390	0
600	4	347	1
600	4	362	0
600	4	451	1
600	5	35	0
600	6	347	1
600	6	362	0
600	6	451	1
600	7	180	0
600	8	173	0
600	9	283	0.9972
600	9	269	0.9972
600	9	390	0.9972
600	10	162	0
601	0	3	0
601	1	8	0
601	2	362	0
601	3	101	0
601	4	390	0.9944
601	4	112	0
601	4	457	0.9944
601	5	35	0
601	6	393	0
601	7	75	0
601	8	390	0.9944
601	8	128	0
601	8	457	0.9944
602	0	3	0
602	1	336	0
602	2	355	0
602	3	41	0
603	0	3	0
603	1	90	0
603	2	256	0
604	0	3	0
604	1	367	0
604	2	254	0
604	3	45	0
605	0	3	0
605	1	241	0
605	1	463	0.9969
605	1	90	0
605	1	451	0.9969
605	2	94	0
605	3	390	0
605	4	238	0
606	0	3	0
606	1	35	0
606	2	378	0
607	0	3	0
607	1	90	0
607	2	256	0
608	0	3	0
608	1	209	0
608	2	256	0
608	3	352	0
608	4	253	0
609	0	3	0
609	1	35	0
609	2	253	0
610	0	3	0
610	1	218	0
610	2	272	0
610	3	257	0
611	0	3	0
611	1	60	0.9999
611	1	362	0.9999
611	1	472	0.9957
611	1	35	0.9957
611	1	362	0
611	1	451	0.9957
611	2	254	0
612	0	3	0
612	1	90	0
612	2	424	0
612	3	41	0
613	0	3	0
613	1	241	0
613	1	463	0.9969
613	1	362	0
613	1	451	0.9969
613	2	156	0
613	3	90	0
614	0	3	0
614	1	336	0
614	2	254	0
614	3	37	0
615	0	3	0
615	1	397	0
615	2	376	0
616	0	3	0
616	1	60	0.9999
616	1	362	0.9999
616	2	256	0
617	0	3	0
617	1	336	0
617	2	103	0
617	3	408	0
618	0	3	0
618	1	17	0
618	2	209	0
618	3	333	0
618	4	395	0
618	5	208	0
618	6	273	0
618	7	60	0
618	8	71	0
618	9	109	0
618	10	23	0
618	11	362	0
619	0	3	0
619	1	11	0
619	2	103	0
619	3	425	0
619	4	268	0
619	5	273	0
619	6	208	0
619	7	23	0
619	8	365	0
619	9	273	0
619	10	208	0
619	11	23	0
619	12	90	0
620	0	3	0
620	1	18	0
620	2	208	0
620	3	257	0
620	4	41	0
621	0	3	0
621	1	19	0
621	2	60	0.9999
621	2	362	0.9999
621	3	202	0
621	4	390	0
621	4	463	1
621	4	70	0
621	4	467	1
621	5	208	0
621	6	421	0
621	7	407	0
621	8	103	0
621	9	283	0.9972
621	9	269	0.9972
621	9	390	0.9972
621	10	166	0
622	0	3	0
622	1	6	0
622	2	209	0
622	3	179	0
622	4	381	0
622	5	103	0
622	6	283	0.9972
622	6	269	0.9972
622	6	390	0.9972
622	7	166	0
623	0	3	0
623	1	19	0
623	2	425	0
623	3	367	0
623	4	39	0
623	5	152	0
623	6	443	0
623	7	134	0
623	8	279	0
624	0	3	0
624	1	19	0
624	2	60	0.9999
624	2	362	0.9999
624	3	208	0
625	0	3	0
625	1	21	0
625	2	208	0
625	3	23	0
625	4	306	0
625	5	58	0
625	6	392	0
626	0	3	0
626	1	15	0
626	2	390	0
626	2	463	0.9969
626	2	362	0
626	2	451	0.9969
626	3	171	0
626	4	202	0
626	5	241	0
626	5	463	1
626	5	70	0
626	5	467	1
626	6	35	0
626	7	390	1
626	7	60	0
626	7	448	1
626	7	362	1
626	8	208	0
626	9	172	0
626	10	27	0
626	11	209	0
627	0	3	0
627	1	13	0
627	2	208	0
627	3	34	0
627	4	56	0
628	0	3	0
628	1	15	0
628	2	19	0
628	2	465	0.9995
628	2	347	0.9995
628	2	362	0.9995
628	3	208	0
628	4	34	0
628	5	421	0
628	6	407	0
628	7	254	0
628	8	202	0
628	9	79	0
628	10	83	0
629	0	3	0
629	1	19	0
629	2	128	0
629	3	208	0
629	4	344	0
629	5	276	0
630	0	3	0
630	1	19	0
630	2	60	0.9999
630	2	362	0.9999
630	3	208	0
630	4	111	0
630	5	155	0
630	6	390	0
630	6	463	0.9969
630	6	90	0
630	6	451	0.9969
631	0	3	0
631	1	6	0
631	2	263	0
631	3	390	0
631	3	463	0.9969
631	3	362	0
631	3	451	0.9969
631	4	256	0
631	5	283	0.9972
631	5	269	0.9972
631	5	390	0.9972
631	6	70	0
632	0	3	0
632	1	9	0
632	2	375	0
632	3	390	1
632	3	60	0
632	3	448	1
632	3	362	1
632	4	208	0
632	5	202	0
632	6	241	0
632	6	463	1
632	6	363	0
632	6	467	1
633	0	3	0
633	1	13	0
633	2	208	0
633	3	322	0
633	4	27	0
633	5	67	0
633	6	390	0
633	7	336	0
634	0	3	0
634	1	13	0
634	2	208	0
634	3	375	0
634	4	322	0
635	0	3	0
635	1	15	0
635	2	397	0
635	3	142	0
635	4	163	0
635	5	390	0
635	6	293	0
636	0	3	0
636	1	15	0.9957
636	1	209	0
636	1	474	0.9957
636	1	208	0.9957
636	2	356	0
637	0	3	0
637	1	13	0
637	2	75	0
637	3	390	0.9944
637	3	128	0
637	3	457	0.9944
638	0	3	0
638	1	19	0
638	2	70	0
638	3	208	0
638	4	421	0
638	5	407	0
638	6	168	0
638	7	283	0.9972
638	7	269	0.9972
638	7	390	0.9972
638	8	317	0
639	0	3	0
639	1	6	0
639	2	23	0
639	3	347	0
639	4	70	0
639	5	35	0
639	6	23	0
639	7	90	0
639	8	180	0
639	9	139	0
639	10	390	0
639	11	328	0
640	0	3	0
640	1	19	0
640	2	347	0
640	3	70	0
640	4	208	0
640	5	356	0
640	6	287	0
640	7	35	0
640	8	390	1
640	8	60	1
640	8	70	1
640	9	208	0
640	10	421	0
640	11	407	0
640	12	168	0
640	13	283	0
641	0	3	0
641	1	15	0.9957
641	1	390	1
641	1	60	1
641	1	70	1
641	1	474	0.9957
641	1	208	0.9957
641	2	287	0
641	3	390	0
641	4	317	0
641	5	35	0
641	6	390	0
641	7	347	0
641	8	70	0
641	9	179	0
641	10	192	0
641	11	209	0
642	0	3	0
642	1	15	0.9957
642	1	209	0
642	1	474	0.9957
642	1	208	0.9957
642	2	194	0
642	3	390	0
642	4	347	0
642	5	70	0
643	0	3	0
643	1	13	0
643	2	179	0
643	3	192	0
643	4	209	0
643	5	28	0
644	0	3	0
644	1	15	0.9957
644	1	209	0
644	1	474	0.9957
644	1	208	0.9957
644	2	89	0
644	3	390	0
644	4	347	0
644	5	70	0
645	0	3	0
645	1	19	0.9935
645	1	90	0
645	1	451	0.9935
645	2	208	0
645	3	43	0
645	4	390	0.9944
645	4	68	0
645	4	457	0.9944
646	0	3	0
646	1	15	0.9957
646	1	390	1
646	1	60	1
646	1	70	1
646	1	474	0.9957
646	1	208	0.9957
646	2	89	0
646	3	241	0
646	3	463	0.9969
646	3	362	0
646	3	451	0.9969
647	0	3	0
647	1	13	0
647	2	179	0
647	3	139	0
647	4	390	0
647	5	317	0
648	0	3	0
648	1	19	0.9935
648	1	362	0
648	1	451	0.9935
648	2	208	0
648	3	200	0
648	4	390	0.9944
648	4	141	0
648	4	457	0.9944
649	0	3	0
649	1	8	0
649	2	70	0
649	3	208	0
649	4	89	0
649	5	390	1
649	5	90	0
649	5	451	1
649	5	229	0
649	5	461	1
649	5	390	1
649	6	347	0
649	7	70	0
649	8	208	0
649	9	421	0
649	10	407	0
649	11	138	0
649	12	390	0
649	13	317	0
650	0	3	0
650	1	19	0
650	2	128	0
650	3	208	0
650	4	276	0
650	5	345	0
651	0	3	0
651	1	19	0.9935
651	1	90	0
651	1	451	0.9935
651	2	208	0
651	3	322	0
651	4	35	0
651	5	390	1
651	5	60	1
651	5	70	1
651	6	208	0
651	7	421	0
651	8	407	0
651	9	86	0
651	10	241	0
651	10	463	0.9969
651	10	362	0
651	10	451	0.9969
652	0	3	0
652	1	19	0
652	2	317	0
652	3	208	0
652	4	339	0
653	0	3	0
653	1	19	0
653	2	60	0
653	3	70	0
653	4	208	0
653	5	202	0
654	0	3	0
654	1	19	0.9935
654	1	362	0
654	1	451	0.9935
654	2	35	0
654	3	390	0
654	4	347	0
654	5	70	0
654	6	39	0
654	7	287	0
654	8	263	0
655	0	3	0
655	1	19	0
655	2	347	0
655	3	70	0
655	4	35	0
655	5	390	0
655	5	463	0.9969
655	5	90	0
655	5	451	0.9969
655	6	39	0
655	7	257	0
655	8	149	0
655	9	35	0
655	10	390	1
655	10	60	1
655	10	70	1
655	11	208	0
655	12	89	0
655	13	392	0
656	0	3	0
656	1	22	0
656	2	39	0
656	3	384	0
656	4	320	0
656	5	269	0
656	6	390	0
656	7	317	0
656	8	35	0
656	9	390	0
656	10	347	0
656	11	70	0
656	12	35	0
656	13	241	0
656	13	463	0.9969
656	13	90	0
656	13	451	0.9969
656	14	39	0
656	15	287	0
656	16	390	0
656	17	307	0
657	0	3	0
657	1	6	0
657	2	401	0
657	3	60	0
657	4	70	0
657	5	208	0
657	6	230	0
657	7	33	0
657	8	35	0
657	9	208	0
657	10	356	0
658	0	3	0
658	1	6	0
658	2	209	0
658	3	208	0
658	4	287	0
658	5	390	0
658	6	317	0
658	7	35	0
658	8	179	0
658	9	78	0
658	10	390	0.9944
658	10	141	0
658	10	457	0.9944
659	0	3	0
659	1	19	0
659	2	70	0
659	3	128	0
659	4	101	0
659	5	35	0
659	6	302	0
659	7	241	0
659	7	463	0.9969
659	7	90	0
659	7	451	0.9969
659	8	202	0
660	0	3	0
660	1	13	0
660	2	256	0
660	3	413	0
660	4	68	0
661	0	3	0
661	1	13	0
661	2	313	0
661	3	395	0
662	0	3	0
662	1	16	0
662	2	362	0
662	3	35	0
662	4	90	0
662	5	138	0
663	0	3	0
663	1	18	0
663	2	375	0
663	3	234	0
663	4	43	0
663	5	211	0
663	6	295	0
664	0	3	0
664	1	22	0
664	2	254	0
664	3	413	0
664	4	390	0
664	4	463	1
664	4	363	0
664	4	467	1
665	0	3	0
665	1	390	0
665	1	465	0.9995
665	1	347	0.9995
665	1	362	0.9995
665	2	229	0
665	3	211	0
665	4	292	0
665	5	35	0
665	6	372	0
665	7	257	0
665	8	41	0
665	9	308	0
666	0	3	0
666	1	13	0
666	2	218	0
666	3	257	0
666	4	308	0
667	0	3	0
667	1	19	0.9935
667	1	362	0
667	1	451	0.9935
667	2	256	0
667	3	202	0
667	4	241	0
667	4	463	1
667	4	363	0
667	4	467	1
668	0	3	0
668	1	13	0
668	2	309	0
668	3	390	0.9944
668	3	141	0
668	3	457	0.9944
669	0	3	0
669	1	19	0
669	2	128	0
669	3	277	0
669	4	35	0
669	5	209	0
669	6	256	0
669	7	287	0
670	0	3	0
670	1	13	0
670	2	372	0
670	3	257	0
670	4	45	0
670	5	163	0
670	6	390	0
670	6	463	0.9969
670	6	90	0
670	6	451	0.9969
671	0	3	0
671	1	19	0.9935
671	1	90	0
671	1	451	0.9935
671	2	357	0
671	3	43	0
671	4	211	0
671	5	295	0
672	0	3	0
672	1	13	0
672	2	256	0
672	3	161	0
672	4	35	0
672	5	302	0
672	6	390	0
672	6	465	0.9995
672	6	347	0.9995
672	6	362	0.9995
673	0	3	0
673	1	13	0
673	2	302	0
673	3	164	0
673	4	28	0
674	0	3	0
674	1	19	0
674	1	465	0.9995
674	1	347	0.9995
674	1	362	0.9995
674	2	84	0
674	3	120	0
674	4	35	0
674	5	323	0
674	6	413	0
674	7	390	0
674	8	245	0
674	9	291	0
674	10	269	0
674	11	390	0
674	11	463	1
674	11	70	0
674	11	467	1
675	0	3	0
675	1	19	0.9935
675	1	90	0
675	1	451	0.9935
675	2	156	0
675	3	209	0
676	0	3	0
676	1	19	0
676	2	92	0
676	3	368	0
676	4	31	0
676	5	390	0
676	6	442	0
676	7	264	0
676	8	323	0
676	9	413	0
676	10	390	0.9944
676	10	141	0
676	10	457	0.9944
676	11	269	0
676	12	390	0
676	12	463	1
676	12	70	0
676	12	467	1
677	0	3	0
677	1	19	0
677	2	60	0.9999
677	2	362	0.9999
677	3	302	0
677	4	390	0
677	5	347	0
677	6	273	0
677	7	29	0
677	8	35	0
677	9	372	0
677	10	257	0
677	11	200	0
677	12	279	0
677	13	120	0
678	0	3	0
678	1	19	0.9935
678	1	90	0
678	1	451	0.9935
678	2	374	0
678	3	43	0
678	4	390	0
678	5	325	0
678	6	297	0
679	0	3	0
679	1	19	0.9935
679	1	90	0
679	1	451	0.9935
679	2	256	0
679	3	413	0
679	4	241	0
679	4	463	0.9969
679	4	362	0
679	4	451	0.9969
679	5	200	0
679	6	390	0
679	6	463	1
679	6	363	0
679	6	467	1
680	0	3	0
680	1	19	0.9935
680	1	90	0
680	1	451	0.9935
680	2	256	0
680	3	207	0
680	4	442	0
680	5	390	0.9944
680	5	112	0
680	5	457	0.9944
680	6	277	0
681	0	3	0
681	1	19	0.9935
681	1	90	0
681	1	451	0.9935
681	2	140	0
681	3	390	0
681	3	463	1
681	3	70	0
681	3	467	1
681	4	35	0
681	5	390	0.9944
681	5	112	0
681	5	457	0.9944
681	6	101	0
682	0	3	0
682	1	13	0
682	2	256	0
682	3	200	0
682	4	390	0
682	5	120	0
682	6	269	0
682	7	390	0
682	8	92	0
682	9	441	0
682	10	171	0
682	11	407	0
682	12	390	0.9944
682	12	141	0
682	12	457	0.9944
682	13	269	0
682	14	241	0
682	14	463	1
682	14	70	0
682	14	467	1
683	0	3	0
683	1	5	0
683	2	403	0
683	3	254	0
683	4	43	0
683	5	401	0
683	6	405	0
684	0	3	0
684	1	19	0.9935
684	1	90	0
684	1	451	0.9935
684	2	45	0
684	3	163	0
684	4	390	0
684	5	365	0
684	6	390	0
684	7	227	0
684	8	155	0
684	9	209	0
685	0	3	0
685	1	390	0
685	1	465	0.9995
685	1	347	0.9995
685	1	362	0.9995
685	2	34	0
685	3	256	0
685	4	413	0
685	5	390	0.9944
685	5	128	0
685	5	457	0.9944
685	6	269	0
685	7	241	0
685	7	463	1
685	7	70	0
685	7	467	1
686	0	3	0
686	1	19	0.9935
686	1	362	0
686	1	451	0.9935
686	2	256	0
686	3	35	0
686	4	334	0
686	5	407	0
686	6	390	0
686	7	315	0
686	8	68	0
686	9	269	0
686	10	390	0
686	10	463	1
686	10	363	0
686	10	467	1
687	0	3	0
687	1	19	0.9935
687	1	90	0
687	1	451	0.9935
687	2	156	0
687	3	209	0
688	0	3	0
688	1	19	0
688	2	128	0
688	3	34	0
688	4	277	0
688	5	345	0
689	0	3	0
689	1	19	0.9935
689	1	362	0
689	1	451	0.9935
689	2	323	0
689	3	407	0
689	4	390	0
689	5	409	0
689	6	230	0
689	7	112	0
690	0	3	0
690	1	19	0.9935
690	1	362	0
690	1	451	0.9935
690	2	28	0
690	3	156	0
691	0	3	0
691	1	19	0.9935
691	1	90	0
691	1	451	0.9935
691	2	323	0
691	3	413	0
691	4	141	0
691	5	241	0
691	5	463	0.9969
691	5	362	0
691	5	451	0.9969
691	6	155	0
692	0	3	0
692	1	19	0.9935
692	1	90	0
692	1	451	0.9935
692	2	256	0
692	3	283	0.9972
692	3	269	0.9972
692	3	390	0.9972
692	4	70	0
692	5	35	0
692	6	128	0
692	7	101	0
693	0	3	0
693	1	18	0
693	2	208	0
693	3	230	0
693	4	202	0
694	0	3	0
694	1	90	0
694	2	215	0
694	3	390	0
694	3	465	0.9995
694	3	347	0.9995
694	3	362	0.9995
694	4	35	0
694	5	67	0
694	6	321	0
694	7	133	0
695	0	3	0
695	1	12	0
695	2	390	0
695	3	71	0
695	4	362	0
695	5	256	0
695	6	161	0
695	7	35	0
695	8	49	0
695	9	407	0
695	10	300	0
695	11	390	0.9944
695	11	128	0
695	11	457	0.9944
695	12	274	0
696	0	3	0
696	1	19	0.9935
696	1	362	0
696	1	451	0.9935
696	2	277	0
696	3	390	0.9944
696	3	128	0
696	3	457	0.9944
696	4	35	0
696	5	256	0
696	6	283	0
697	0	3	0
697	1	19	0
697	2	281	0
697	3	217	0
697	4	257	0
697	5	45	0
697	6	163	0
697	7	209	0
698	0	3	0
698	1	7	0
698	2	209	0
698	3	104	0
698	4	285	0
698	5	359	0
698	6	165	0
698	7	289	0
698	8	35	0
698	9	372	0
698	10	89	0
698	11	390	0
698	12	279	0
698	13	426	0
698	14	322	0
698	15	408	0
699	0	3	0
699	1	397	0
699	2	34	0
699	3	321	0
699	4	150	0
700	0	3	0
700	1	19	0
700	2	86	0
700	3	110	0
700	4	157	0
700	5	425	0
700	6	320	0
700	7	41	0
700	8	241	0
700	8	463	1
700	8	363	0
700	8	467	1
701	0	3	0
701	1	390	0
701	2	348	0
701	3	336	0
701	4	254	0
701	5	283	0.9972
701	5	269	0.9972
701	5	390	0.9972
701	6	162	0
702	0	3	0
702	1	19	0.9935
702	1	90	0
702	1	451	0.9935
702	2	218	0
702	3	322	0
702	4	35	0
702	5	309	0
702	6	259	0
702	7	269	0
702	8	390	0.9944
702	8	128	0
702	8	457	0.9944
703	0	3	0
703	1	14	0
703	2	331	0
703	3	390	0
703	4	282	0
703	5	209	0
703	6	378	0
704	0	3	0
704	1	13	0
704	2	357	0
704	3	35	0
704	4	256	0
704	5	430	0
704	6	413	0
704	7	390	0.9944
704	7	112	0
704	7	457	0.9944
705	0	3	0
705	1	209	0
705	2	171	0
705	3	202	0
705	4	241	0
705	4	463	1
705	4	70	0
705	4	467	1
705	5	35	0
705	6	104	0
705	7	283	0
705	8	28	0
706	0	3	0
706	1	19	0
706	2	128	0
706	3	101	0
706	4	35	0
706	5	241	0
706	5	463	0.9969
706	5	90	0
706	5	451	0.9969
706	6	256	0
706	7	50	0
707	0	3	0
707	1	19	0.9935
707	1	90	0
707	1	451	0.9935
707	2	193	0
707	3	390	0.9944
707	3	68	0
707	3	457	0.9944
707	4	35	0
707	5	75	0
707	6	209	0
708	0	3	0
709	0	3	0
710	0	3	0
