57	1793	519	1776	746	1860	3412	3390	1177	2871	1627	3311	591	2750	2582	746	2789	2799	3309	632	647	585	467	2871	3202	2334	2099	3390	
57	2722	619	1319	674	139	2722	997	1305	1487	714	2050	759	2098	2650	1106	2983	3378	
57	2009	746	3118	284	2222	759	2101	746	2634	887	2415	1674	1627	1914	714	1968	1409	1256	2284	1101	714	1803	2210	3378	
57	928	746	1737	1443	1053	3368	1702	3202	2210	2222	759	2101	632	657	3073	691	1114	3378	
57	91	1220	632	2887	241	1966	2100	3409	3378	
970	746	1682	792	2415	412	96	2882	624	1114	3378	
57	2101	714	2882	858	2415	95	2883	630	1120	3378	
3041	3398	1130	1627	105	624	1114	3378	
57	198	2462	3378	674	2165	1610	3024	1667	2688	759	3340	2602	3378	1256	501	2001	1966	2101	3202	1759	506	1057	2750	759	499	1454	2116	2328	1114	3378	
57	2101	746	2793	746	2262	1443	2870	714	2063	1256	2240	2227	591	714	1803	2465	3487	3378	
57	80	632	2569	1498	2644	1114	1629	2101	746	740	746	2634	789	714	1120	3378	
57	221	103	1899	2082	2313	690	746	2568	2415	3357	1782	2512	863	3378	1629	1084	2101	161	3291	3202	2118	1130	632	2794	221	3487	3378	
57	1793	519	1776	746	1860	3412	3390	1177	2871	1627	3311	591	2750	2582	746	2789	2799	3309	632	647	585	467	2871	3202	2334	2099	3390	
57	2722	619	1319	674	139	2722	997	1305	1487	714	2050	759	2098	2650	1106	2983	3378	
57	2009	746	3118	284	2222	759	2101	746	2634	887	2415	1674	1627	1914	714	1968	1409	1256	2284	1101	714	1803	2210	3378	
57	928	746	1737	1443	1053	3368	1702	3202	2210	2222	759	2101	632	657	3073	691	1114	3378	
57	91	1220	632	2887	241	1966	2100	3409	3378	
970	746	1682	792	2415	412	96	2882	624	1114	3378	
57	2101	714	2882	858	2415	95	2883	630	1120	3378	
3041	3398	1130	1627	105	624	1114	3378	
57	198	2462	3378	674	2165	1610	3024	1667	2688	759	3340	2602	3378	1256	501	2001	1966	2101	3202	1759	506	1057	2750	759	499	1454	2116	2328	1114	3378	
57	2101	746	2793	746	2262	1443	2870	714	2063	1256	2240	2227	591	714	1803	2465	3487	3378	
57	80	632	2569	1498	2644	1114	1629	2101	746	740	746	2634	789	714	1120	3378	
57	221	103	1899	2082	2313	690	746	2568	2415	3357	1782	2512	863	3378	1629	1084	2101	161	3291	3202	2118	1130	632	2794	221	3487	3378	
57	402	743	632	2871	72	874	1256	3242	2152	2415	2778	3409	3378	
57	405	3158	632	804	2118	874	623	3380	1159	1166	2105	1473	1473	803	1942	2517	3390	402	792	746	1725	746	1753	2118	759	3241	620	3390	
57	743	746	1717	805	2415	1073	632	875	2118	3357	2353	3378	1158	121	1214	2109	3412	3390	
57	392	3266	2210	620	3390	
2629	714	402	260	2415	1725	714	549	214	1498	3410	753	142	2118	2415	202	714	549	1450	3364	3158	2514	3378	
57	2530	1738	1573	1925	746	1563	554	3307	632	1240	1401	1305	919	759	1594	746	2634	2123	714	
57	541	1465	746	651	3409	3378	1159	1266	1886	632	1568	2118	663	1865	584	876	1114	3378	
57	2462	1418	746	2598	3029	2152	2415	1770	691	1114	3380	1629	436	1807	57	477	435	713	746	156	1536	1882	551	435	899	2749	203	712	1849	591	746	2634	1418	3488	2415	2937	694	1106	2526	3390	
57	1082	407	3470	3202	3482	1611	3398	1120	3391	1305	2409	746	3161	759	640	1407	991	551	2598	1233	2343	2001	1182	746	512	2037	1773	746	513	2118	759	641	1527	1407	991	
57	565	3368	1262	746	513	2118	1627	896	2347	2599	1408	991	161	1713	2906	1992	991	
57	402	565	2118	3202	219	2415	1488	2881	1526	1146	3202	3465	3284	2881	1065	2919	1527	1408	995	
57	2314	759	1424	1961	2152	2415	1990	321	2314	3155	551	2919	321	2314	1078	2415	1408	991	
57	400	2472	2967	759	1283	2152	2415	1991	1106	2983	3378	
57	901	2169	2467	1232	2308	632	473	591	3202	2861	1836	759	3179	2210	3034	1498	1696	
57	1801	767	746	748	2118	161	749	714	2498	784	242	900	746	2568	1228	
533	
517	
57	3202	726	2206	2568	2415	1761	632	751	1424	2152	2415	1945	3378	57	519	513	751	551	1387	2215	751	
57	1761	746	751	746	2477	1425	2118	1456	3202	1958	3393	168	2681	3380	1158	726	1517	2356	3364	3378	
57	3310	1761	746	2213	2118	746	2011	2415	757	1124	3390	
297	1245	760	2210	2833	2452	1761	2415	1424	2467	1283	2374	3202	1187	880	1498	1106	2988	3378	
57	1894	3310	2462	757	1122	1699	3390	674	1761	632	2215	2118	756	3378	76	403	1104	3378	57	2220	714	853	3202	
57	1795	2975	3488	2415	3305	2220	306	3390	
388	3202	753	726	2220	3357	543	3412	3390	1177	1287	3412	3378	551	1147	3315	1567	1673	3378	
57	1629	1801	2220	3203	997	2722	1299	3398	2467	3329	294	1268	442	3411	3390	1177	3141	1761	746	3024	882	2152	2415	2210	1904	1120	3378	
57	2675	403	1609	2599	2661	3390	674	1761	632	2215	2118	756	1945	3385	243	2830	2462	1397	3390	674	1268	211	440	3202	681	1386	1245	981	3380	57	403	2252	2462	3378	674	1761	632	2215	2118	519	2798	1840	1077	57	773	1761	746	1470	1573	578	209	3257	1937	3378	
2226	1573	1609	2604	3378	674	1761	746	2830	726	2118	1105	298	872	2449	2514	3380	57	1609	468	2975	3488	2415	2361	1841	967	746	174	3202	1256	1620	3368	39	1126	551	1769	714	1107	68	746	320	1627	2604	3378	
57	402	3332	1020	632	726	129	498	2408	1020	632	1917	3364	2118	3378	1177	967	759	498	3042	1849	3364	1319	1082	2830	2624	3143	1759	1666	2007	1956	1328	
57	326	1122	1012	3390	1761	632	2215	2118	1980	165	872	3378	1305	1554	3357	503	3060	3364	1702	127	746	127	3357	837	2610	
57	2355	3390	57	283	551	235	746	1662	2118	2415	3256	57	1264	1761	746	836	3368	2215	2118	2415	3202	911	746	2002	2017	1519	57	2477	3357	3024	1667	1944	3067	1329	
329	2462	2210	1122	2662	991	674	402	1761	746	1285	2118	759	3069	1573	957	2495	3378	
57	2785	551	470	746	2634	3330	2364	1457	746	1547	2415	413	679	1130	2750	2428	632	166	2118	3067	3202	304	3378	
57	2296	3488	2415	1702	2415	953	3368	733	2619	714	2314	2467	821	2415	1980	198	1704	863	3378	
57	1627	552	2568	3202	1801	3302	2118	3068	1702	2415	3469	2120	2467	3469	1796	2617	3412	3390	
57	1627	2968	2541	236	746	511	2541	2415	3256	933	3144	2653	714	2618	714	1962	2296	632	760	2118	1498	584	2983	
57	674	986	549	1318	3202	946	3366	2462	1199	498	1841	3117	632	201	258	3378	1177	709	3042	437	236	746	1981	1663	2118	1627	1905	3364	1319	
57	2655	1831	2296	746	1256	3348	2296	746	726	2152	2415	1365	2415	753	519	2007	3357	1192	304	3378	
57	327	2166	519	1061	2833	1618	2415	1778	3364	
2722	2905	3357	1747	714	252	2415	212	551	217	1256	1467	3202	1238	863	
57	2370	
3411	3378	
402	718	714	2874	2317	211	121	1774	3488	1627	1405	3390	
57	1774	3488	1627	2316	2874	3437	121	249	1405	3390	
57	1880	551	2338	746	2300	2415	2547	2874	1521	3390	
2316	2874	1772	1774	3488	1627	2465	1245	674	1885	1627	249	161	3072	2415	121	1405	3390	
57	3305	2716	3202	2462	455	2465	3255	3391	1971	3310	155	1841	661	3202	3357	2806	746	1851	57	3029	2152	759	384	1549	588	2526	3390	
57	139	402	1483	632	1978	2465	1471	3409	1305	383	2575	2152	2415	543	766	757	2964	3412	32	1802	800	1762	3466	
57	861	746	1193	714	549	632	1563	632	2118	158	2257	2506	551	2258	2118	2372	3409	3378	
57	512	714	922	2467	1586	2415	1569	2505	2514	3378	
2459	709	861	714	1193	551	141	2118	759	1165	1573	813	2644	3399	57	1418	2415	733	2065	868	1888	746	2598	3475	1789	2118	1627	3150	478	3378	
57	2065	868	861	746	733	792	632	2598	3468	
3482	1796	2219	1627	1754	3149	3190	478	3378	551	2919	2090	2118	53	
3470	1797	1627	3171	3153	3190	3380	57	1887	2064	746	1667	319	2118	242	3480	701	1500	
1788	3395	57	551	2919	2118	759	1424	2118	2415	1989	584	778	57	2347	1039	3042	551	1387	2435	1522	746	1759	1887	1627	1051	991	
57	404	583	3415	1627	2458	166	1774	632	3321	2118	2056	2486	2415	1934	1114	3378	
57	833	2415	3215	551	246	632	645	2088	2118	3409	3378	
57	409	2727	645	1889	3364	
2782	1774	746	2152	746	3000	632	1826	18	57	746	1535	746	2634	720	714	1067	193	1776	746	1774	3488	3202	1528	848	3000	746	1826	714	2850	3081	632	1609	2604	1127	991	
57	726	1365	746	2001	2579	746	2592	2223	746	512	2750	1801	2118	1627	3263	3398	1121	3390	
57	726	1365	746	2001	2579	746	2592	2223	746	512	2750	1801	2118	1627	3263	3398	1121	3390	
57	1639	2943	1611	1203	3366	1363	1405	3390	
2477	3268	2001	2415	1612	746	354	1773	746	203	2152	1627	2210	1775	3412	3390	
57	1105	1667	986	549	2833	1479	306	1330	2727	221	461	3118	706	2675	2210	1363	1393	2526	1330	209	3050	759	209	3357	2169	2415	1931	3369	3038	3369	3189	3368	
57	2932	746	984	1151	2415	3195	1869	3380	1577	551	2282	746	726	2152	2414	1492	714	2714	1652	1498	1326	
57	1292	1365	2808	1014	54	2118	1997	58	3462	2118	2404	632	1301	59	2118	1140	594	3482	927	1801	2029	2415	1225	863	
57	728	551	2532	1062	708	714	873	2141	539	539	2551	539	539	2711	551	348	2032	1282	573	2834	744	190	751	731	1891	57	1502	493	165	2314	2415	1369	1130	3202	1773	746	2745	2118	632	2758	1300	3202	3409	3380	1627	1193	632	2758	428	1300	3202	1498	3398	1696	
57	2802	1501	493	1357	1121	3390	
1883	1773	632	512	632	2745	2118	1300	2415	2093	3380	1627	1193	581	2512	1120	3378	
57	405	250	1262	714	1034	1773	632	1901	1262	746	3024	1529	2118	714	124	714	2615	1773	892	632	651	1933	868	
57	3337	980	3267	759	1826	591	746	2001	2753	2052	1862	551	203	2152	759	3194	1394	1893	1863	57	971	2693	2504	3202	1958	2152	2415	1301	2605	1159	674	2722	3193	584	3152	1471	1707	
57	1456	3202	1958	2152	2415	930	578	1471	597	
3267	3202	647	2663	746	2001	506	165	3202	165	2314	2415	3272	1702	3202	979	584	3128	584	2651	
57	2016	1579	314	3043	1627	810	3398	1130	2750	2152	759	3317	3042	248	3202	1093	2497	
57	173	2166	2415	1206	514	190	2982	714	658	1649	746	172	1229	539	3209	1573	3339	714	807	759	3171	591	632	3175	1368	
57	1597	1573	3285	2166	2415	2038	3042	2415	514	1564	551	1541	746	2963	2415	206	848	1760	3202	512	426	632	371	691	
57	2462	1643	1578	1317	654	1443	2031	746	2137	1150	2415	2600	1106	2522	3378	
57	2477	3162	1173	1456	714	1980	1607	1896	3202	1941	3390	1144	2437	518	25	3208	632	1342	602	2119	2415	1505	1120	3378	
57	2466	1498	2306	746	1290	2760	2750	2118	2415	2760	125	57	501	3100	632	2118	1915	1160	541	1349	2352	864	2655	1189	1365	897	869	499	2320	3082	936	863	
57	402	628	714	3004	3310	2162	645	186	588	3390	
3314	1418	2415	1377	1659	714	2945	2806	714	733	2945	746	595	3429	2118	3380	57	406	3310	3428	2118	1348	746	2568	2415	538	3447	2118	1458	746	1736	2467	709	203	985	3202	1751	584	2987	3390	
57	1660	714	1040	746	2018	2118	632	686	3423	
3483	2371	3202	509	1498	3413	991	
57	3202	3357	3243	1310	592	3398	1305	2302	632	1383	248	3202	1721	3390	984	3015	714	339	1245	1920	759	501	2871	632	3427	2118	1383	1722	1114	3378	
57	2715	746	2449	2415	1305	706	2116	1458	1486	301	632	513	2118	641	824	2517	3390	551	1659	759	828	579	1064	3390	408	2715	2415	361	1659	714	3049	579	3411	3378	
57	383	1447	746	1334	2118	2415	2450	1256	437	2118	2415	2960	714	146	1887	2646	1106	2985	3378	
57	3423	
3477	701	2451	1875	1771	1256	3486	701	913	714	3296	3366	816	1788	1773	746	3356	3202	1424	2152	2415	1987	220	1256	3154	2415	1394	
57	2462	383	2826	632	519	2104	2861	3378	
402	724	632	2848	519	1058	1605	3409	3378	1177	674	1612	746	1529	2118	1627	151	1404	3378	
57	383	152	3202	2904	1521	3390	1177	674	1612	746	2258	2118	41	759	815	202	1212	3188	1947	3390	
57	2825	746	565	3368	2118	1627	3422	
3462	1796	758	797	632	1052	597	
57	407	925	2118	1627	3332	2225	2467	1731	2486	746	486	442	3398	1121	3390	
57	402	2039	2415	1773	746	320	2415	566	2152	3202	2225	2486	632	2505	1975	2595	3378	
57	407	1878	3364	2118	1464	2092	1114	3378	1256	2593	1363	1409	2596	3378	
57	2556	3064	31	536	2556	227	2415	2118	2663	2750	1632	150	1256	335	759	2941	1256	3198	1443	2841	591	714	2774	
57	450	3446	838	75	3452	109	58	2686	67	3448	3449	58	553	67	3450	2509	759	1851	57	2942	3198	1256	3065	714	2169	620	3390	
57	964	2484	759	1424	2152	2415	2781	691	1114	3378	
52	3033	57	1239	2682	2415	656	746	519	2118	759	1100	414	1948	2210	2757	3378	
57	3490	412	17	1414	620	3390	
2462	1768	645	510	3409	3378	551	3007	3322	2514	3378	
57	3490	412	6	2349	620	3390	
247	2907	562	714	1098	551	3420	2415	2462	1980	146	1271	1624	3378	
57	383	1988	2415	3024	165	1782	1424	711	746	1993	3390	
1666	711	2722	3378	1160	3310	1994	551	3490	93	620	3390	
57	3295	1627	1046	591	746	2634	402	1768	759	1980	1664	691	1114	3378	
2462	1768	1418	746	165	829	1663	2118	759	1065	2598	3029	1067	1704	1114	3378	
57	3490	402	8	374	620	3390	
393	3007	3322	2518	2748	1768	3378	
57	1259	479	714	793	551	2747	2783	1096	2970	660	714	583	314	746	651	726	2152	2415	583	2291	714	1120	3378	
57	326	1846	2555	1256	200	193	2782	3213	2415	2118	2654	2923	1838	584	1012	3390	551	557	632	3017	345	584	1012	3390	
57	2771	3202	3118	3089	2169	2415	2812	632	1791	591	714	164	788	328	209	2804	3378	
57	407	2762	934	746	726	3357	2118	2415	3171	2516	3378	
407	2823	714	269	2489	714	2827	2693	2488	2415	2475	714	2827	314	2592	1498	2355	
57	1028	632	319	2118	1211	161	2048	3398	1132	1305	506	245	620	3390	
57	2890	2763	402	2579	2415	3192	1512	746	292	2750	3214	746	202	955	2118	2415	3357	3196	442	3411	3378	
57	1028	2415	2762	1363	1867	2871	632	3075	2118	161	519	115	632	1559	3398	1128	57	2459	205	3340	551	555	951	997	1305	209	1754	2890	2854	2601	1153	549	632	2118	1754	3284	3378	402	1627	1751	2159	2492	3357	457	949	2983	3378	
57	3436	2459	2871	746	709	2118	2415	753	729	2746	746	651	161	2337	257	1081	729	2746	746	651	442	1593	617	3126	3409	3378	
57	1376	57	799	3409	3385	2459	436	1498	2641	1264	1627	1082	1615	714	2169	3357	3034	2415	1498	278	2990	1264	482	3357	773	3378	
57	196	2415	1082	906	632	783	2884	3365	2473	3340	1183	621	2609	221	2389	1688	632	1665	2121	578	1498	589	993	3398	863	3378	
57	775	331	2389	1980	1726	1627	2389	783	1498	337	1629	403	1716	2122	2997	2068	992	231	232	584	2520	3374	
57	402	1476	2415	519	786	943	2415	2632	2136	746	519	1738	3365	1154	1507	3301	2495	863	
57	1082	3301	746	1720	759	2462	3051	2342	3364	1305	2830	2149	2448	746	1714	848	551	1980	182	715	1627	2447	3145	1205	3202	2286	1471	3368	
57	2232	746	2001	1365	2415	1424	2007	1440	3423	
74	
1308	3495	1702	2358	1723	
57	1035	965	512	3202	1439	3423	
74	
1307	3495	1702	2358	1724	
57	1283	2118	1702	1096	1132	551	519	2118	2919	2512	1132	1264	433	584	2280	584	1045	2651	551	498	1041	3368	1702	2415	3495	2367	2358	1025	1627	1038	872	596	
57	267	2860	2413	3019	3067	2925	1279	2242	2398	823	746	2036	266	714	302	1341	3029	3027	2118	2654	1023	584	2651	
57	2003	2390	1055	1133	1137	2668	3324	1986	334	3426	2118	909	1384	576	754	1332	1332	2368	2457	948	2852	2210	360	2356	2651	
57	410	759	2152	2415	2439	1309	1627	1991	863	3378	1802	1444	519	2118	1298	551	968	2118	1387	2118	
57	1242	
3269	746	1424	2118	3390	519	1628	2118	1177	57	1253	1389	972	2415	2927	2118	438	3404	2910	790	2467	3238	3415	746	474	2788	2467	2885	3165	1770	3398	1120	3390	
57	1163	2664	47	3202	
2809	1164	1256	3219	632	3495	1023	956	551	2876	2415	2358	2269	2664	591	3202	2828	714	1735	3115	3411	3378	
57	1493	2664	48	
1513	
2485	
2808	2580	71	3318	3495	2654	1702	3492	2022	632	2808	1295	430	1114	3378	
57	1504	1002	841	1256	3221	632	3495	1023	2654	3023	1913	746	2405	2415	958	2053	714	898	746	1961	915	1946	1046	2415	3173	
57	3022	3495	1023	759	2023	1565	746	2505	2415	2359	
2462	2022	746	2645	160	138	3378	
57	2263	57	2902	46	
3202	
2814	2327	3207	3361	362	1256	3221	632	1023	3495	2654	890	746	913	746	2505	2415	958	915	1953	
57	948	3423	700	1096	3470	699	1256	609	1437	3495	2366	3461	927	
57	871	2505	44	
963	
60	2479	
2485	
63	2911	1709	3282	2113	1256	2911	3230	3426	2120	57	2911	859	3462	2118	2654	3023	948	730	746	2505	2415	809	598	1082	959	959	3193	1132	1305	2505	1304	3039	
57	1580	1004	3423	2118	1383	3484	2118	1702	3467	2118	1383	2919	2518	1627	433	584	1045	2651	
57	3495	2654	522	809	585	2367	1256	2255	2415	2358	3216	591	57	2013	1902	1853	1506	3160	714	1049	1248	737	3318	551	2432	3021	3495	1023	2654	1702	746	3118	1732	2651	
57	2462	1466	1153	942	2415	3409	3378	498	942	2415	140	632	2103	1498	2515	2530	2210	1385	2118	1121	3390	
57	1729	812	1069	2679	397	2954	1485	3174	2748	752	2440	1256	3231	3495	2358	1023	1955	
57	1599	2900	2665	963	
2936	
998	
110	
3460	73	746	1881	1139	1049	1744	1256	1615	3495	2654	1733	3023	956	3492	3494	3378	
57	1598	
2936	
998	
110	
3459	2810	841	
1513	
64	3160	746	1745	1616	1049	1881	746	2408	3495	2654	736	2651	
57	2247	2694	
3202	
2815	2248	396	3334	2391	1069	2397	551	2574	3495	2654	1023	2704	
57	3202	
2808	2581	1684	1485	1553	1337	390	714	1194	3222	2350	1729	3334	2248	2398	139	21	2415	638	3495	2654	1023	1955	
57	3331	1353	2510	3160	746	2035	1256	1728	384	1023	3495	2654	3023	522	958	2010	597	
57	3333	632	1024	2909	1213	667	632	1023	1256	1297	3495	2654	3023	522	2358	2832	40	746	2505	2415	809	585	3172	3187	2497	
57	727	1059	398	2089	398	637	894	3160	714	1049	2810	1916	28	1879	714	1049	3018	969	1247	551	2395	3495	2366	3457	927	
57	3218	2481	70	
1513	
2811	3206	551	667	632	1023	3464	2118	1256	1566	746	551	34	3446	2118	2654	1023	1955	
57	2872	2666	2474	
1513	
2485	
2811	814	3283	2113	1256	3282	2113	3495	2654	3023	519	2358	3216	591	3202	422	741	3494	3378	
57	1587	2120	1762	3474	559	3282	759	1702	746	3118	1613	1627	947	57	384	1023	1256	2680	2113	3495	2654	3023	522	2358	477	346	2415	2360	538	2915	3398	1130	1627	506	433	584	2680	1700	2415	2106	2491	2651	
57	1693	759	1049	2965	3140	1256	2560	714	1048	3495	2654	1702	2467	948	1256	3160	714	1048	746	2505	3492	2241	632	3494	3378	
57	2501	2664	48	
1513	
2485	
62	
3202	
60	2818	3334	1353	2248	1604	841	1256	1503	3495	2654	2010	1023	1955	
57	2621	878	2664	49	
2935	
61	
3463	
3431	
3202	
60	2817	69	157	568	2649	746	2036	568	1306	746	2035	1256	2410	746	2035	3495	2654	3023	522	1734	1023	597	
57	3221	3206	551	2999	1484	746	3012	2118	2366	1023	759	1701	746	2505	3492	2707	35	632	3494	3378	
57	2277	2664	29	
1513	
2816	
55	668	1248	3221	754	639	392	3495	2654	2299	1023	597	
57	3124	57	3490	1160	2831	624	1114	3380	2728	2916	2579	3378	
57	1427	2229	3202	2916	2579	746	301	2118	694	3390	551	460	439	746	3276	3250	1544	694	3393	2744	2917	1763	1312	2718	1418	2415	
57	1283	2152	2415	2781	691	1106	2983	3385	27	535	2779	64	1243	109	746	3343	1631	759	3252	585	2455	1861	57	1629	3097	746	3056	3357	2819	3409	3380	677	2154	3202	2824	1443	2462	2905	3357	443	3398	1114	3378	
57	1153	1694	2583	746	3341	1256	3158	2415	2922	3398	1256	2258	2871	791	3398	2467	2258	2118	2415	2922	3398	551	3341	538	3158	1608	3398	868	3402	2722	273	3378	
57	2685	2113	2467	2309	2113	3020	746	3495	2357	3462	1365	2278	584	2494	
57	1429	1000	3423	2744	1695	3425	30	
55	3326	1986	281	3222	1729	2276	1005	2005	1801	632	2721	1023	3426	2120	2909	
57	2901	2500	2307	2113	3282	2307	2114	2680	2113	1801	3479	2120	2367	3484	2118	2651	
57	1314	2505	44	
3113	
2936	
56	3423	2118	233	2113	2857	3482	2118	2680	2113	2857	3484	2120	57	3326	1986	281	3222	2276	1729	2434	2413	1256	3000	893	1801	3477	2118	2650	3023	522	1023	584	1313	785	714	3455	2163	3430	1365	2415	1394	
57	1087	3031	2118	2651	
859	714	560	597	
1893	2113	551	2919	1438	632	2721	1023	778	57	2358	912	3202	3262	585	3423	1839	2278	584	3434	2344	
57	3471	1511	1438	3202	2164	2347	818	759	1394	
3478	3423	2118	2909	
57	859	3446	2120	2909	
2396	3446	2120	3223	3423	2118	3023	2358	2721	1023	1945	2651	
57	389	3204	3365	577	698	147	1801	3426	2120	147	632	3000	551	3205	3366	3360	1801	319	2118	2651	
57	2720	57	342	1166	632	1339	3378	
411	753	2466	341	2326	1754	295	759	2508	632	2118	1929	3378	
57	2462	2162	341	3094	312	1680	2993	
2977	538	3349	2195	1256	1848	2195	1556	3357	117	2169	3202	165	3054	3398	2991	
57	2389	1185	3378	674	326	3029	155	2772	3390	
2462	2210	1123	3374	674	326	569	2835	2170	2921	538	2864	2498	746	2011	2415	2210	2339	1186	2493	3390	
57	2146	746	451	3251	1417	860	1256	687	746	2955	2751	193	2503	746	2157	57	499	1884	3315	1305	2466	1800	3409	3378	675	2177	314	632	320	2654	322	379	353	632	317	3250	436	1469	57	2459	119	632	1385	3202	285	2160	1627	1813	1086	1428	3380	1305	211	759	402	1418	632	171	2323	2750	351	2210	429	3357	1427	746	2141	3390	
57	1258	2835	2392	1573	2835	2169	714	3289	1641	746	191	2862	543	1825	679	3391	1177	2928	714	2297	746	1434	3390	551	1072	746	2634	1858	2210	3390	
57	774	1498	461	3250	1627	343	924	3202	3357	1430	584	2169	57	2426	1123	1319	674	543	3042	2118	1868	3202	165	806	760	1998	1498	3378	
57	916	815	2918	1625	1900	1245	510	738	2983	3378	
2459	916	2279	1627	1471	2608	1305	962	1627	1037	2135	2895	211	1845	714	366	1498	584	2983	
57	402	1995	746	2118	1627	1996	632	2798	1588	3409	3378	
404	347	2614	373	3411	3378	
57	237	2803	2259	339	2709	2415	1256	2869	515	538	2717	515	746	201	2118	2415	165	3409	3378	
57	196	2415	172	1573	211	2166	2415	342	2769	714	1830	57	2415	342	1827	2097	2930	1452	1090	632	3061	2836	2930	2144	1835	1161	2873	746	3028	2415	3325	746	3118	3127	3073	3364	
57	402	259	1627	193	2773	746	2166	3372	1146	2836	2930	2147	57	172	1621	3202	2067	3371	2836	2930	2145	2873	1573	57	1817	1172	1329	
402	259	1627	195	2772	2837	1573	340	2813	1627	2166	1358	1146	1235	
57	722	2873	1816	1329	
1235	
746	
537	
1715	1573	1576	2584	746	652	1550	551	1000	1627	2088	3357	2924	2166	1368	
57	3061	746	172	2836	3320	2873	1573	211	3058	2166	2415	2096	57	3456	759	3136	3462	1924	2930	895	2112	761	2415	2250	746	172	2836	2125	2893	57	481	2773	1573	211	3137	2167	1443	2096	2930	1452	1161	714	3121	1746	3046	714	
57	2301	2415	1475	746	3029	1000	1623	746	999	1573	2118	2644	
57	2710	2415	2898	538	1692	2773	746	2645	1976	714	519	1191	3049	3380	551	1418	746	3029	2152	2415	402	1373	2415	1822	3398	2526	3390	
57	1146	343	1635	1622	3202	1000	2845	632	2801	1810	501	608	632	1816	2118	3398	
57	2710	2415	2898	538	1692	2773	746	2645	1976	714	519	1191	3049	3380	551	1418	746	3029	2152	2415	402	1373	2415	1822	3398	2526	3390	
57	1146	343	1635	1622	3202	1000	2845	632	2801	1810	501	608	632	1816	2118	3398	
57	1153	487	2415	1920	1280	746	1725	2129	3391	903	3202	831	3391	57	1177	85	950	3357	3092	3202	2118	977	3378	
20	458	88	2285	3202	57	2426	649	3357	500	2169	3202	649	1952	2521	1627	665	714	2303	2415	2631	714	610	2389	558	2522	
57	2415	1932	674	468	2914	3202	3357	456	746	2957	2415	2246	714	2143	714	2697	714	3378	551	402	2697	759	2722	753	1510	1245	3171	1498	2494	990	
57	1091	3030	2169	2415	1305	1998	601	
704	57	3416	2474	2373	77	57	2462	3225	2722	519	1740	628	714	519	1585	3357	618	1686	2	773	600	2024	3310	3246	746	2154	2415	2462	3020	1305	2231	3378	3358	57	2655	405	2015	2218	1326	674	1209	1865	2522	1326	
1703	716	759	2587	3368	2675	1574	746	2166	3181	759	2051	1329	
57	2154	2210	499	3118	1393	2520	1319	
1398	2722	655	2415	211	1741	2341	3202	2210	1424	572	292	1517	863	
57	1418	746	516	2914	3202	3357	1753	2160	759	519	589	990	1330	2655	2462	647	2446	2415	3357	1751	3364	2446	2415	1753	1418	714	2169	519	3367	57	1847	2210	556	2152	2415	1911	1329	1148	2237	620	1329	
519	2237	2415	556	1074	3412	1329	
57	271	2415	2471	1627	3375	1573	3311	691	
3375	3202	3344	2470	2675	2727	3202	2118	584	3232	1483	714	944	2415	344	
57	2469	2675	2727	3202	2124	3232	1483	714	944	2415	1679	1105	2853	632	1551	1319	
57	2851	2675	2471	3202	3344	1142	3166	3060	457	2148	
410	2123	2415	2853	1573	2057	759	1162	2644	551	1711	746	2538	759	2335	2160	1627	3433	415	
57	1589	2415	940	2692	3366	
2014	714	1162	3366	
2369	2727	3202	2124	673	1675	551	2727	746	2538	759	2335	3278	673	632	2538	1939	2059	
57	902	2415	2977	2169	2415	2091	179	923	2642	868	
57	746	1602	551	356	1668	1806	380	543	2118	3378	57	2476	2292	746	3118	746	3118	203	1446	2362	3368	1329	
402	1776	3310	1397	3390	674	2975	746	3029	1808	3248	2118	519	1389	3202	3078	1329	
57	2889	2325	746	1422	862	661	2415	3357	3248	2118	519	1389	3202	248	3368	3403	
57	1761	746	3270	2118	746	512	2703	564	2712	3378	
2703	2975	2415	2758	3409	3378	
57	2975	759	3310	1581	2703	2780	2415	1989	2987	3378	
705	2118	2415	2703	705	1776	714	3407	2462	2727	746	1099	1256	203	193	2000	1627	1546	586	3378	
57	3482	
496	564	746	945	746	2431	66	2118	437	1256	1334	914	3430	135	3202	3455	135	746	2033	1704	1114	3378	
57	1767	2107	1324	746	2261	2118	746	318	297	2210	3029	1776	746	3248	1256	1102	1169	725	759	209	827	1947	3390	
57	1685	551	1864	714	1003	746	2210	168	2118	2415	471	746	3003	2355	3378	
57	1094	1339	2892	632	2210	166	2118	211	3138	2415	383	2293	1255	632	3357	2080	2758	2568	3378	
57	2835	2169	2415	1177	726	519	2519	1790	2921	2415	908	1329	466	471	2415	3263	2866	2415	1775	691	863	3378	
57	384	1630	1190	2568	3380	2139	310	632	523	551	2463	2263	746	3244	1627	2761	460	697	2767	2263	632	2203	2760	3380	57	3146	2415	2210	2787	1644	344	3391	1627	2389	2595	3378	674	3146	2415	631	528	1956	3366	3378	57	1389	3077	1210	2210	3401	1305	2169	632	3077	1945	3364	3380	57	551	2169	714	1195	1634	2415	881	3411	3390	
620	3390	2160	714	2979	556	2981	632	2949	2522	3378	
57	2169	2415	1082	3313	2531	714	229	3411	3378	1305	3313	1461	632	1278	3312	3227	3312	2939	1355	1202	1498	1106	2983	
57	383	2319	2415	519	1560	1448	3378	1157	297	714	2169	2415	108	551	82	620	3390	
57	2726	2591	714	3421	3357	1187	1584	305	3378	
3310	2950	746	186	759	1082	2169	1406	3390	1305	726	543	2867	632	1826	588	3390	1177	3314	3118	3010	3202	2526	3394	57	1388	607	714	974	588	3368	2830	2505	714	2169	1498	207	57	459	2507	2950	2467	1572	1245	3357	3171	2514	3378	
57	647	591	2628	2675	2877	2148	
883	425	2607	
2216	3224	2415	1603	863	
57	1982	2793	1803	632	1781	1841	661	2415	1806	746	193	2152	2456	57	3258	3159	746	726	2152	1256	2899	1149	746	475	794	2415	2520	3380	57	2688	746	3101	759	3253	2169	2415	94	689	1256	2689	746	3099	759	92	624	1114	3378	
57	402	1803	746	199	1857	1256	1856	942	3202	2118	1121	3390	57	1354	1219	746	1661	2706	578	1166	2415	87	20	242	3133	2793	714	2630	2210	2493	3390	153	57	1354	1219	1776	714	2793	1803	3353	746	1980	2090	2120	57	1256	1389	2690	746	2134	1627	3041	3415	1627	2688	759	2044	1426	506	3101	1677	746	2634	624	1114	3378	
57	1855	759	101	2082	624	1114	3378	
2124	2687	2693	2688	211	2559	746	2465	982	1121	3390	1256	2001	2415	2684	2081	714	2511	1752	584	2646	1120	3378	
57	221	103	1899	2082	2313	690	746	2568	2415	3357	1782	2512	863	3378	1629	1084	2101	161	3291	3202	2118	1130	632	2794	221	3487	3378	
57	688	2415	3297	2485	110	792	2415	2210	2234	2169	2415	410	1776	746	1833	632	2558	3378	
57	402	1418	746	3147	1573	210	2169	2417	746	1494	2539	746	2822	2636	1227	
57	2674	132	1019	177	2337	714	549	976	863	
645	1385	325	1627	519	1365	468	1403	746	1066	3202	193	3347	1657	986	1270	2118	2526	3390	
57	991	674	2830	2266	2415	2118	2650	2526	3390	204	462	2412	26	215	1770	3398	1130	714	2966	3378	
57	1030	122	1622	2415	2842	632	2263	1424	2152	2415	1910	2514	3378	
57	1175	2669	714	2169	2756	3411	3380	2671	714	2169	2210	57	1189	2178	1570	3053	1117	57	322	2177	2671	764	174	632	2423	2322	3378	
57	2265	714	2207	2185	551	2768	424	801	1658	719	314	714	2075	2462	3020	505	2950	746	2270	3280	551	2616	3390	
57	1172	1339	746	191	520	714	1636	642	1627	984	2118	3412	3391	57	2139	2415	575	746	1080	714	571	2820	3202	2639	3380	1154	3139	2462	3386	99	1573	1787	604	759	1786	591	714	300	1374	
57	2462	2139	3202	1815	3409	3378	
1725	2996	2538	746	265	746	3042	2830	843	746	1515	1177	2710	606	3202	2598	3476	768	3380	631	1263	584	2526	1329	
57	405	1356	549	2538	2144	551	2006	549	2549	3287	714	2407	3390	
57	410	3202	842	632	1507	2146	1869	
3184	2538	476	1573	2829	714	300	3202	1177	264	2453	691	1320	503	575	480	1329	
57	2477	1999	3323	2550	2295	2139	314	3202	1815	3411	3390	
57	2722	672	3202	436	3439	2374	1627	3353	714	1273	2415	771	714	2534	2929	2693	734	714	2260	844	1483	746	1662	2118	2415	3378	
2	919	2042	746	3042	1246	57	2139	2415	2638	3378	674	2548	746	178	3354	1651	3441	2538	3368	
57	551	2139	2418	1802	3357	2636	1012	3391	674	575	2310	714	300	2654	417	759	982	344	1329	
57	405	176	472	632	661	336	
2550	2139	895	551	2294	57	3490	1254	759	2408	551	2079	2892	2415	1456	624	3378	
57	3424	2858	3202	1759	499	726	1609	1498	976	
1471	709	2202	1573	500	974	714	3378	
57	1471	499	2201	3357	691	3378	
405	2777	296	1573	3114	1627	2201	694	3391	1177	418	714	1950	3366	3380	1155	974	3310	292	599	
57	3438	2859	181	1573	498	1627	2201	691	3378	
1629	180	632	2462	3042	1850	3042	1800	1498	3409	
57	822	2236	2031	714	2186	551	2076	2188	551	2077	746	57	3202	2169	2722	3378	1157	2555	2973	1443	2553	2847	591	714	3290	3398	551	1153	2169	759	2462	920	1849	1498	3380	2723	3378	
57	3148	1642	3202	2462	624	1114	3378	674	2169	2078	632	2725	2568	3380	1146	3146	714	2498	714	1120	3378	551	2078	2722	3378	1158	403	226	3398	
57	1292	436	746	126	2830	3133	1591	3390	1177	674	2169	551	2078	2419	57	760	1277	123	1498	3378	
57	3236	2542	1256	1808	2535	659	746	1514	714	2078	759	213	165	1809	2352	1130	746	651	3357	2169	551	2078	632	2229	480	3398	1114	3378	
57	677	383	3141	421	746	1389	2210	2568	3390	674	2535	1274	1627	1105	2973	3289	2078	759	2169	632	1794	1393	1368	1114	3380	57	2727	2233	2430	2244	314	759	773	624	1108	76	2643	551	2658	1573	1135	746	2533	2415	2169	632	3244	1498	1705	57	1305	2830	3357	2076	2188	746	2568	2415	3289	584	2646	846	551	2001	2415	2570	1443	1082	2830	170	584	2646	847	57	2233	2245	1923	314	2169	1498	622	2985	551	3163	1256	1533	2076	2169	746	3244	759	1849	584	2652	
57	2720	57	402	1832	632	760	2210	3090	3263	3055	1498	1368	1106	2983	
519	2174	746	2071	709	2210	1424	2843	714	2077	2415	3310	282	3357	1680	2987	3391	57	1555	746	2634	2199	759	3288	584	2662	1869	674	1801	2842	714	209	2078	23	3380	1154	313	161	1794	3279	3357	3378	
57	2169	2782	2077	746	2948	3281	3202	3357	205	2758	1697	57	3378	
2720	57	2462	709	2210	1168	2169	714	1779	3378	674	2722	753	211	519	3363	759	2654	3016	854	1498	1956	2512	2986	3245	714	194	3357	500	1843	3378	
57	1801	2620	632	1350	1343	768	632	3364	
388	1082	760	525	2169	1940	2008	768	714	1067	2008	3233	768	632	1350	957	2660	3381	2830	2076	3059	1498	3398	1120	
57	2169	746	3118	459	2879	43	262	3102	274	1945	2514	3378	
57	3310	1143	1075	2188	3202	322	2188	632	454	551	2758	2322	3391	2830	166	1640	2186	1471	3404	2077	632	3071	1326	
57	498	260	2415	3317	2008	768	1627	1936	2749	2076	3357	1363	1405	3391	1974	768	746	1351	2415	2078	551	3040	1130	2749	2169	714	358	1498	3411	
57	1079	746	1636	2775	714	358	442	3415	1627	460	709	519	2078	746	320	1627	1640	2169	442	3411	3378	
57	709	2210	2078	759	2176	2415	1798	591	2415	1177	651	2770	3392	3390	57	2897	57	2415	3202	519	632	226	3409	3383	211	3244	3202	248	3415	2597	551	1639	519	1388	2078	632	1080	3415	2595	3378	775	2169	721	2020	3380	57	2655	1082	578	540	653	1573	750	208	3380	519	2331	2169	1573	1388	203	193	2188	759	309	591	714	1027	714	3378	
57	674	748	714	2855	746	2634	468	519	3133	2169	632	367	926	691	551	541	591	2415	467	1388	2077	714	483	590	1871	3378	
57	677	2265	1443	137	2552	759	519	2182	2415	1938	591	632	1823	2572	1898	3336	2844	314	746	1443	2211	1498	3398	2988	3378	
57	1766	714	1218	2169	746	3250	1627	297	2111	1095	714	3005	2561	2078	3399	57	2944	2415	2466	624	1106	2983	3378	674	2174	632	2462	2229	423	33	363	2976	314	746	651	3409	2514	3378	
57	3146	2637	1256	1980	2090	792	714	230	759	1849	591	632	259	2352	1114	3378	551	2169	1939	1120	3378	
678	57	3390	1082	1557	618	2987	3390	674	2181	3050	746	2796	2415	2077	714	483	1498	584	2987	551	2459	1380	541	584	2210	1013	57	2031	714	2535	3170	746	126	2385	57	1284	2173	714	2076	2078	1120	3390	
57	1571	714	1390	3202	2696	1842	38	2415	1153	3066	714	2169	2465	3380	57	2722	3378	293	2188	714	369	469	714	2379	57	2381	3399	802	1170	3098	857	314	2186	551	387	1435	1647	714	732	24	2283	2340	314	2186	305	3390	
57	383	1425	1648	714	2187	2072	746	2890	2947	723	746	652	57	3202	2462	1998	1552	3398	845	3378	674	386	3122	635	1851	57	286	1256	261	2520	3380	2192	1536	2499	3202	459	760	2963	1498	
57	153	57	1425	1424	2933	714	2186	3390	
402	2784	759	1851	57	1498	3036	714	1177	2235	1956	2523	57	3398	1256	488	314	632	519	714	22	2520	3378	1082	674	489	714	2169	732	314	632	664	2415	2801	938	746	651	1436	3398	863	
57	2460	2031	746	203	1152	2377	2137	314	2415	2210	385	332	645	3378	
57	3304	3151	1757	2137	1256	2376	1151	2415	2210	386	556	1063	1446	1972	3368	3390	
57	2380	2169	2069	2750	2598	1683	2622	2842	2465	3391	1146	984	2623	2528	1150	2415	3357	3390	
57	2919	3151	1758	314	1151	2415	2021	3368	3390	
3398	2175	42	
57	2324	2138	3303	2786	37	3303	2028	51	1655	2324	2529	3234	2384	3390	
57	2378	2186	2482	3378	1144	3057	1851	57	1296	2169	3202	1805	714	1120	3378	
57	569	1490	134	746	2969	3202	780	746	1474	1241	307	1256	1638	1949	714	1177	2568	1780	383	2188	2415	2710	3384	2791	3378	
57	402	1776	2313	90	779	746	3357	682	3142	2568	3390	
2720	57	2378	2188	2415	781	714	2089	2800	3380	57	3346	314	2188	2415	1153	1776	742	1293	551	782	2959	714	3108	3202	780	1754	3412	3391	57	1851	57	505	1776	2378	2188	2415	1545	1532	78	3202	780	714	1755	1256	244	714	1392	3040	1120	3378	
57	2633	746	2766	3202	2460	383	2188	2415	1742	632	495	691	1114	3378	1258	2462	2784	1844	551	218	2867	746	2258	632	3357	3380	57	2378	2188	2415	527	1445	1256	1984	2701	2710	3390	
57	2378	2169	632	2737	352	746	2736	3202	1530	2206	3378	
57	3314	2465	765	2467	770	2040	1245	714	1177	850	3380	2722	391	2378	2188	746	3247	3202	338	3378	
57	402	571	714	2169	636	2169	2415	494	584	1224	3202	403	2462	241	3409	3378	674	2835	2468	2420	351	2675	2968	1329	551	3352	746	740	588	1330	57	383	2739	746	1256	543	3357	1389	2739	746	2637	2750	1513	57	3014	402	571	759	1124	1329	674	986	1119	714	439	2084	714	1423	746	984	2152	3202	3366	3378	
57	2980	519	542	3132	551	3116	1780	3378	1177	2160	3488	746	3352	2415	2850	2568	2415	1706	1120	3378	
57	1174	3056	2170	3056	1311	1260	1413	551	2332	
2931	1573	412	4	531	624	3378	
57	1590	1663	436	1806	1256	2537	746	726	2152	2415	2085	714	2683	3257	1562	3378	
57	1558	57	1418	3488	2415	786	551	2839	3415	632	1355	591	2749	1119	2415	1636	881	2208	2444	3390	
57	1980	3202	2333	2415	2478	1118	225	1328	1174	2830	1418	3488	2415	787	1112	2840	314	1329	
57	1256	436	1806	746	726	2152	2415	1706	1120	3378	2462	1828	1119	714	492	855	632	1814	3378	
57	3020	1067	716	1326	
1627	2426	381	3202	457	2128	1893	2522	1326	
410	3042	2427	113	759	2577	1627	1201	3368	1401	
57	529	2422	3034	2415	1497	336	674	2462	3020	773	3398	863	
1893	2426	1303	3202	2141	551	1007	13	57	3397	2695	714	3254	1589	2415	3366	551	323	2695	714	436	1663	2880	746	2544	632	1089	746	1442	746	513	2118	2415	2820	3364	
57	3070	2258	1589	2415	324	632	2541	1319	
2253	746	1424	2118	1331	2253	551	1333	2253	
57	2726	3377	1507	632	519	272	2699	2210	3364	3380	1156	1369	3368	2166	297	2210	2089	2567	3202	1874	1121	3390	
57	501	2166	543	1181	551	547	3412	1329	674	1613	746	1371	2210	3355	1121	1329	551	650	2415	2210	1180	2105	1406	1329	
57	714	1271	462	2210	3013	519	1463	603	2328	1114	1319	
1841	931	2169	1841	932	714	931	2169	498	519	1808	351	2169	714	2880	1327	57	1159	2978	1890	2667	314	2185	1524	3390	
383	2188	746	3306	520	3202	2355	3390	
57	1785	931	2169	2415	193	611	3368	3390	
463	611	3314	2464	746	2752	611	714	1271	314	611	2328	1114	3378	
550	1841	932	746	2675	830	57	501	2166	159	548	1811	551	1276	3412	1329	
2722	211	2167	3202	2677	759	541	1812	586	1319	674	2830	2268	3398	1121	1329	
57	297	2210	501	2166	987	3202	1874	1121	3390	551	2700	746	313	2329	1121	3390	
57	461	643	714	2865	551	1710	2210	2657	2169	746	3390	551	2586	2621	3202	2645	868	3390	
57	3118	3357	3275	1256	2673	714	2490	746	2634	3415	2750	3029	2953	2415	1961	632	2142	2527	
57	462	2552	632	1619	1804	632	189	587	3378	
2	885	1161	1573	1837	1714	3415	746	2001	2090	1180	746	3118	2166	1368	
57	168	2118	1573	633	746	402	280	746	1788	881	370	1775	714	1326	1256	2554	2401	1573	2210	403	3045	691	1319	
57	3444	2415	879	1076	1573	2573	1627	2166	1406	3368	626	2535	3257	759	3176	57	519	2007	468	2166	588	3368	624	1321	2204	2304	57	468	986	549	954	543	2166	1370	1146	117	2891	746	2634	798	1877	1326	
57	856	632	1665	112	3442	415	
2415	1778	3364	
2462	556	2188	2415	1042	1319	551	3142	2975	2415	2393	2228	1114	1319	
57	372	2415	2513	468	556	1748	2210	2640	
3443	415	
2415	3319	1161	519	3025	2415	2166	1409	746	2645	1895	868	
57	458	1366	760	2210	136	1471	1305	116	3086	746	2790	726	2636	2983	1319	551	1471	760	2265	2166	3357	1393	2983	1319	
57	460	2169	1627	2091	116	2772	2210	2387	1329	
2926	1161	745	2711	3186	2061	2210	1329	
57	399	551	2351	1151	2415	2776	1601	436	2415	842	1483	551	1333	2415	3229	1483	746	2033	1424	2152	2415	1907	3364	3378	
57	3432	3202	3445	2371	509	1665	2118	842	746	1333	594	3485	702	714	1033	2415	1905	3378	551	167	57	561	842	746	2431	2415	2352	1114	3378	
57	1387	2118	243	755	594	3473	3202	3481	2371	509	3378	
405	57	1529	2118	2415	1022	45	538	1970	50	57	714	1001	3390	551	2033	2415	1969	1614	714	1088	3378	1256	513	2118	2415	2438	1969	1614	714	966	3390	
57	1954	714	1390	3202	405	1283	2118	3390	57	3451	3453	3454	
403	513	1453	1756	1032	3378	
57	3201	551	461	2821	3120	1573	499	541	2043	3345	691	674	506	2129	3357	1945	
57	726	1595	849	551	726	2118	1525	3201	2210	163	3398	848	
1743	551	3210	746	1583	1573	3201	714	834	3141	1669	1045	1226	
57	551	459	2947	3011	3472	746	280	2415	292	1498	336	
2460	501	726	2843	1573	1093	498	280	2415	2118	2644	
57	3376	2090	446	3202	2273	2625	2415	851	444	2264	588	1329	
446	2415	2830	1281	1256	1389	2273	1575	746	2167	2415	546	57	3376	1909	3052	2415	952	848	1329	
2830	1060	3026	2415	2654	1926	445	551	3063	2415	2118	2661	1329	
57	143	1573	2118	584	2054	891	2415	2868	2646	
2594	1256	253	3274	3398	863	
57	646	746	1333	2415	502	209	3211	1424	2118	694	
519	2118	759	502	211	1131	551	3212	2348	746	1508	2415	3235	551	1389	2118	632	2722	3278	2956	1945	
57	820	3191	211	3342	904	746	228	2415	65	632	501	289	2103	3202	2134	632	495	694	2026	1471	1021	
57	2254	3202	666	746	2337	2415	1305	2576	746	1507	1245	753	1424	3357	793	2188	2415	114	1329	
57	3310	644	648	759	1124	3391	2635	3313	209	3357	1873	714	2169	2415	773	2638	1106	2520	3380	3315	1609	1498	
57	1103	1650	1103	817	714	1269	2133	148	3112	2595	3378	
57	2722	1415	3357	3398	2985	3378	
2162	2188	714	726	1017	3366	1748	1416	2415	1778	714	1129	991	
57	707	2342	3409	1319	
1667	502	209	2169	2415	726	625	1154	3310	2675	726	2210	2252	1471	3034	2990	
57	2433	3183	3164	3202	3300	627	2155	3398	2116	1	2888	3398	845	3378	
57	297	1960	2001	3125	1161	759	209	2312	2415	2467	2480	629	674	929	2169	2415	709	3202	2069	632	259	1849	3364	1320	57	408	2426	506	263	551	268	3035	1319	
2	2462	3179	2433	3087	3183	3164	714	1270	1402	2330	2445	2169	2415	625	2724	1294	3119	1326	
57	234	2415	403	1507	3379	
2	9	2722	1204	1177	2146	746	498	1708	3380	57	10	1606	3409	1106	2520	3389	315	1573	624	
16	3202	978	2146	632	1687	2210	579	3398	863	3382	1096	632	1979	1299	3378	
57	541	2595	1174	2146	632	451	1714	3357	3400	2426	519	2007	1491	746	451	3250	1627	863	1319	
57	2998	2595	3378	1174	890	632	828	3364	2382	3398	551	2146	1424	545	746	2034	1973	2522	3378	
1964	1082	1489	1866	3380	57	2	1346	1573	625	11	2146	714	1459	681	1289	3378	
2462	1821	1245	542	3362	1956	2516	3378	
57	1332	1411	1245	1286	759	2146	632	2934	1097	2934	1964	3202	1520	3365	2934	1965	746	1208	1977	3023	2239	679	2520	
57	1286	3340	1184	840	2526	
7	2146	
2	1346	746	2382	3202	1523	
57	316	2074	1347	331	624	1319	326	2146	746	2011	2415	1928	
2	1761	1627	432	
57	707	2342	3409	1319	
1667	502	209	2169	2415	726	625	1154	3310	2675	726	2210	2252	1471	3034	2990	
57	2433	3183	3164	3202	3300	627	2155	3398	2116	1	2888	3398	845	3378	
57	297	1960	2001	3125	1161	759	209	2312	2415	2467	2480	629	674	929	2169	2415	709	3202	2069	632	259	1849	3364	1320	57	408	2426	506	263	551	268	3035	1319	
2	2462	3179	2433	3087	3183	3164	714	1270	1402	2330	2445	2169	2415	625	2724	1294	3119	1326	
57	709	1272	1468	939	714	1381	714	549	2141	
402	2394	1418	714	3029	1382	1683	1922	1471	1921	1959	3398	1120	3390	
57	2732	1573	211	2166	2415	624	1320	3	1231	746	3285	1071	3368	383	2676	746	1443	2160	746	2676	759	3357	3310	205	3121	3079	1070	2526	3378	
57	506	3310	2675	5	620	3378	
2	2425	3034	1498	1706	674	2830	705	2169	2415	1998	584	2526	1329	
57	776	2169	3036	2415	2389	1359	1498	3398	2522	1327	1379	3020	3183	183	691	588	1329	
57	2466	3020	1998	2566	251	3202	3181	714	2422	376	1326	
652	613	714	2169	2415	1980	3142	2	1712	1110	15	14	1326	
57	1305	2210	2169	3128	1326	
3123	1237	3202	1998	588	3042	2830	2094	3037	584	2210	618	2987	1329	2433	464	1006	588	3368	624	674	2426	580	3465	1449	461	3118	2025	2708	3374	
57	1893	2210	2154	1573	3315	1085	2087	2877	1361	1368	
2546	2415	3310	819	551	2877	1400	759	2017	1525	
57	3408	2345	431	746	2001	3315	541	187	3364	674	3310	211	942	278	868	3390	775	221	3310	519	543	1418	2415	1672	868	1330	1105	2169	714	1375	1498	1326	
57	746	402	1592	3202	1538	3366	1044	1573	2462	2210	1932	674	3310	1082	131	2167	2415	2210	235	714	355	3391	57	2589	1216	405	2777	2742	3378	
2588	2415	606	714	1271	2130	3378	
57	677	2962	3412	3357	3293	1627	1141	1432	2596	3378	551	2546	1188	2212	3380	2436	714	2123	2415	2827	3411	3357	1120	3378	
57	506	709	2585	2210	530	935	746	2634	811	632	2442	1498	2356	
383	3142	1912	3202	1244	285	1424	2007	2722	211	942	2118	863	1319	
57	2026	1561	746	726	1654	350	2663	714	3226	2210	501	2634	2090	2154	714	1998	2606	
57	501	2263	2415	1221	3357	1222	2030	3202	426	632	1221	
832	632	1221	
942	2118	1130	632	1221	
2729	1215	1130	632	2210	1221	
57	106	714	1462	442	591	551	409	1421	1958	2743	2849	1419	2536	714	2194	551	504	442	3260	717	2985	3378	
57	1629	402	1420	3310	1174	2611	762	2678	3158	2612	1200	1116	674	402	2169	2086	662	2169	3378	
57	2462	364	1305	303	696	2516	3378	674	2192	3292	3257	57	3002	1451	1443	3059	717	2985	3378	551	118	375	2563	2974	2169	1939	2985	
57	2722	3328	3202	2027	107	746	3118	2613	1319	506	
1626	676	2118	1056	1319	
57	2722	1018	839	2522	
3106	1480	3202	2213	746	1338	714	549	1401	551	1893	726	1933	524	127	2118	867	
57	1294	1271	1765	2415	1230	2518	551	2166	1197	2749	2298	1498	3374	
57	1367	2209	863	1319	499	
2722	3396	2512	863	1319	
144	1364	759	773	3398	863	1323	500	279	2105	338	1328	551	2126	3364	211	942	714	1040	1627	1036	863	1319	
57	2722	3104	1115	1893	2124	709	763	2415	1106	1050	
2722	634	2520	3409	
57	499	631	760	274	1498	
2722	211	759	877	1067	1876	3364	2291	586	551	211	2213	714	2049	759	1325	1364	746	1714	2126	
57	2166	1305	331	145	3178	2644	1627	2426	1927	277	1633	1454	57	578	238	632	2408	2238	2520	3406	221	1498	3378	
57	460	1488	1896	89	746	2403	2415	2118	2663	746	2634	1082	3310	1482	3239	1678	1305	910	1627	3357	1008	3202	2227	3398	867	
57	2403	2415	2118	2663	746	2634	1897	3239	1678	1305	918	632	631	760	154	1609	1498	1319	1083	1896	2415	2908	2224	465	714	3378	
57	2243	1105	1245	2422	808	3380	3182	1336	759	605	714	2058	2415	2118	2663	632	333	3111	3042	1627	1368	3357	1498	863	
57	3338	519	1424	1068	2590	3271	2166	2415	460	2972	162	1092	1217	867	3378	
57	100	
1919	2004	
2151	
20	917	1573	3228	291	2722	2205	684	2118	2983	3388	402	3042	1305	506	917	3357	2557	1362	2983	3378	
57	2722	709	542	2169	2415	870	2073	1160	917	1498	3034	2988	
2243	2722	1236	774	1509	1323	917	1573	1305	2728	691	1319	1177	2722	2046	759	1918	746	2634	584	2983	1319	
57	677	1236	1082	500	2169	3035	1264	1305	3180	
291	917	1573	1179	1179	3202	1009	401	3202	1932	102	2045	311	128	3378	
57	1265	3142	2415	3335	1865	863	1319	
3029	1531	551	498	746	2311	746	2154	2415	416	591	2607	1329	
57	2655	2426	1481	3202	2734	1498	3398	2989	2722	1136	2169	2415	1326	
57	2830	3259	299	79	1854	551	2886	746	2168	2383	1238	1498	1698	
57	773	2477	1539	2477	3062	2256	2166	2765	551	2764	2634	1252	1420	419	1983	2221	1419	521	2634	1859	2992	57	3308	551	2153	1985	222	402	1799	3378	674	578	461	1967	2287	1645	1412	506	1749	259	2363	57	3134	57	1784	1460	2462	3378	674	2191	1832	1455	1171	3364	1498	3378	
57	1275	1391	412	3288	691	1127	996	
1455	2192	2206	3257	3286	2217	
57	297	1801	2400	1463	2564	491	209	2169	2321	2460	459	1454	923	239	3378	
57	3351	795	2400	2083	254	2233	2429	314	2067	3370	209	2169	81	3357	1930	
57	2462	567	377	2850	3405	674	615	616	2069	2748	2400	2543	2169	490	1951	2494	989	616	1498	
57	1333	2161	402	1829	2571	693	2984	674	1302	574	2281	551	1267	2070	2400	447	209	2169	81	1930	1	57	3351	2545	491	1444	2191	1621	1393	1368	866	2415	1444	3250	1410	2634	211	1016	961	1617	191	2722	2702	3378	
57	1478	2346	240	314	551	461	2971	796	793	2186	3074	2169	1943	3044	1498	3378	
57	1305	502	209	3074	2169	12	1945	2648	1178	1477	2189	3350	270	551	1908	2365	3378	
57	538	1780	2180	714	434	632	2411	726	130	1245	1690	746	3001	2805	1443	2964	3378	
57	2180	2385	57	772	2812	3378	
175	2896	714	1780	1443	1043	746	2846	2415	2733	1646	2626	988	3378	
57	2312	1256	2801	2563	3202	1444	2169	746	2961	2415	2462	905	1352	3378	153	57	1689	632	2289	165	3398	1114	3378	
57	2180	2415	1689	632	358	1534	653	3202	57	2312	1256	2802	1444	2169	746	2896	2415	2462	777	1530	357	3378	1265	2184	1627	1043	632	169	593	1106	2983	3378	
57	2920	1780	746	1443	2012	746	2171	2416	500	2183	735	2415	2759	1644	2627	632	1819	691	1114	3378	
57	501	3083	1801	657	714	1556	2483	3411	3378	
2483	1938	657	746	320	1627	2722	1044	2415	1543	2183	735	632	2758	591	2415	3044	3409	3378	
57	175	2169	746	2896	2415	3107	357	3129	632	1471	1305	2938	584	1696	3378	551	1471	3357	3130	746	2634	501	1714	1652	3042	3409	3378	
57	2162	669	2415	2193	3048	2975	746	2730	2271	632	1801	115	709	1471	709	3244	1627	1637	1256	192	3380	57	669	551	2172	759	1802	2709	746	199	2495	1106	2983	3378	
57	2477	1425	1636	941	3076	3390	
2977	669	2415	2197	1261	382	2021	1872	3390	
57	3177	1691	2110	2115	1124	3390	674	671	924	2415	2197	193	3249	759	203	2894	3202	3357	926	584	453	161	2797	691	863	3380	57	402	2656	2415	669	2415	1540	2179	193	1834	544	1627	1681	2565	2415	1777	1225	1106	2520	3378	
57	3423	
2169	714	358	2169	714	359	2288	1256	2912	746	2812	2415	3093	614	570	3390	1335	747	57	3446	
2169	714	439	2169	714	441	2994	532	746	2634	2158	57	3435	3264	57	60	2462	570	322	2196	632	3357	1800	3409	3380	57	551	1153	1627	2477	1424	290	1808	2563	3202	694	1121	3390	674	402	184	3202	1759	705	1776	2670	3409	3406	551	2462	184	705	2169	746	2318	3202	691	863	3406	
57	551	1894	2459	184	584	2210	2644	863	1320	1305	1893	2728	2169	1207	774	1471	2524	57	685	185	3202	1537	1935	2522	
57	1108	1305	1893	2169	632	349	2563	2210	3273	57	1548	3398	1130	2415	760	57	330	1498	3414	994	632	2466	3157	2720	57	2169	714	439	632	526	651	2328	1114	3380	57	1256	203	1257	651	402	651	746	3107	3391	1471	674	2169	714	439	746	651	
57	1177	3399	2169	714	439	714	3049	632	3055	1471	1305	1841	2838	746	1714	3378	551	1471	3357	670	746	1714	
57	322	2199	1573	2460	402	3077	2415	193	2267	3261	695	57	1627	197	57	60	211	391	1824	746	3077	2415	709	2198	57	1573	2462	1015	2210	2646	3378	674	2459	3029	2198	709	519	2251	1627	3105	3390	1305	2722	2462	3378	674	2169	714	439	746	3077	2415	760	2210	2251	3261	1498	691	1106	2983	
57	680	3183	2755	3378	519	2754	3049	3202	1656	632	1	3462	
2169	57	632	973	255	420	3049	3202	3357	2354	1832	3378	674	2169	632	973	256	710	2328	1109	759	161	2735	759	76	57	322	2198	1305	2735	759	2169	632	973	256	2322	3357	2162	57	449	1852	2415	3310	709	149	2169	746	2738	3202	3357	709	1471	709	1776	3202	2699	632	365	3034	2661	3391	1264	3032	2741	3357	2738	3409	3378	
57	2454	57	2863	1251	3047	
3470	
2740	2862	551	2940	669	2415	1792	2200	519	203	2290	2812	3387	2862	
57	519	497	1327	1158	2675	2995	2526	1330	975	2526	1330	1893	2526	1330	2118	2526	1329	
57	3294	1174	2388	1518	2017	2118	2522	1328	551	288	1320	1177	774	1320	2426	1498	3034	1680	2520	1319	
57	2722	2249	2415	3088	2118	2520	1319	
753	209	1727	1627	2062	632	186	584	2520	1320	1971	645	2062	632	
57	2126	3365	2877	746	3240	1245	278	1671	
2722	1893	2578	1368	863	1319	551	211	759	3327	186	584	2520	1319	
57	377	1385	2134	746	2001	501	2375	3202	1196	1517	2522	1326	551	2722	2055	1316	632	186	584	2520	1319	
57	2243	402	2007	2210	500	3034	2415	1498	336	674	2041	773	3409	3378	76	907	2415	2722	2140	551	519	2007	1305	506	2599	2722	402	2062	759	826	2650	1134	
57	1893	1082	726	1498	3197	1305	2214	1029	2415	2118	867	
1818	3298	1871	551	502	3299	2461	714	549	563	692	57	543	2415	501	2263	1573	2132	2913	691	
2655	308	746	2634	1433	499	2263	332	714	1373	746	2777	2705	714	549	1431	2599	2520	1320	57	3340	714	1198	759	2729	582	2415	1903	2903	2017	714	549	2141	
582	2415	1029	714	1270	
57	2722	216	3378	551	402	739	2841	612	3048	2162	2188	746	2634	921	2719	3378	
57	1739	2131	1249	1783	3084	57	578	709	714	683	1892	1223	551	578	709	714	1340	508	1404	
3237	714	1054	3412	3357	3169	2431	2415	2118	1114	
57	2722	2108	1378	2415	703	835	2017	2118	1114	551	2402	746	2691	746	2946	1483	1627	1496	1670	1114	
57	2546	2105	2722	942	1627	3357	2520	
3185	3412	3357	2722	2118	863	
543	3357	519	1582	759	2305	1573	1315	983	2334	1369	1329	
57	2030	2603	2698	2060	2415	726	3095	2512	867	1328	
1424	1366	2001	2722	2210	1517	2140	
57	2477	1177	3131	2875	714	2047	2496	3378	1472	2462	458	2691	746	2634	3378	1177	1730	1065	2118	1121	3390	
57	395	714	2487	1047	551	3314	368	1981	2675	
2389	2595	3380	2426	388	3202	709	714	2169	1498	3035	
57	2426	825	746	2017	1395	2520	3373	
3085	3366	394	551	2128	3366	1047	
57	578	2888	759	304	1305	3310	504	889	759	620	
2722	888	1980	2095	1319	551	3419	714	2188	746	2672	506	306	1329	
57	884	2878	2102	1372	1573	3091	746	3142	647	1305	3168	3359	193	2185	2210	3167	2647	
57	3458	133	3440	746	368	2502	3202	2124	1125	551	2807	57	1627	407	168	2118	541	3378	1160	2160	3202	760	3077	1499	83	2443	507	3357	403	1167	3378	
57	1752	3265	3202	2422	1026	2415	278	1011	1319	551	2424	2634	1418	714	3277	746	276	2951	2415	2118	2663	632	241	2466	1498	1319	674	3418	1495	3399	57	120	2160	3202	2150	2462	2210	1319	674	3052	632	1718	2709	485	551	3277	746	3118	3057	746	3200	632	2210	1418	2415	448	3398	
57	1627	3080	57	2154	2210	760	1010	3378	674	2462	1507	104	746	1166	714	57	2421	198	3263	1320	2426	1264	84	3217	2952	632	3006	1498	1957	551	209	3417	3340	2415	1596	3277	746	886	2415	2118	2659	2525	
57	1963	632	3156	1761	632	1291	1516	3156	3378	
404	2315	3200	714	2314	36	632	1344	2118	3378	
57	2731	1573	211	2166	2415	624	1320	3	1231	746	3285	1071	3368	383	2677	746	1443	2160	746	2677	759	3357	3310	205	3121	3079	1070	2526	3390	
57	506	3310	2675	86	620	3390	
20	2426	3034	1498	1706	674	2830	705	2169	2415	1998	584	2526	1329	
57	775	2169	3036	2415	2389	1360	1498	3398	2522	1327	1379	3020	3183	183	691	588	1329	
57	2466	3020	1998	2562	251	3202	3181	714	2422	376	1326	
652	460	613	714	2169	2415	1980	3142	97	1111	2467	98	1327	1305	2210	2169	3128	1326	
57	3316	714	1271	506	211	2154	632	3357	1427	1893	484	1363	1409	2599	
57	2154	759	2830	2675	769	3390	1177	211	1427	1498	1399	990	
2	111	2415	3357	499	2263	3364	674	726	427	2540	2230	1627	1393	2336	
57	2728	2154	632	1427	
1176	534	
517	
1305	502	1714	691	3357	1322	1031	3143	714	487	2415	3357	3111	
57	2386	3135	2156	275	223	1153	1112	2538	714	1250	1820	287	2520	500	1542	2856	3103	188	2604	1106	2984	
57	1764	1256	201	1600	2358	733	1234	3233	2713	632	2462	378	1980	2441	3110	1441	852	3202	2127	
57	403	2019	543	1062	2090	1345	2415	1905	1870	1145	522	585	2274	1890	1653	1256	1906	2190	1186	714	3109	2026	2958	1498	1138	
57	224	1719	584	2129	2117	2272	3220	1288	585	467	3111	3096	1750	1245	1676	540	937	2313	1471	3404	3199	3009	1434	3378	
57	452	295	551	2406	651	501	248	3415	632	2792	1396	2129	2275	746	1788	1113	3008	2795	691	865	
