6828 2879 1
6828 4971 1
6828 6829 1
6829 2299 1
6829 6608 1
6830 776 1
6830 5842 1
6830 6096 1
6831 2562 1
6831 4050 1
6832 2624 1
6832 2879 1
6833 2562 1
6833 4056 1
6834 1452 1
6834 1701 1
6835 4199 1
6835 6359 1
6836 3029 1
6836 4199 1
6836 6755 1
6837 3701 1
6837 5332 1
6838 4971 1
6838 6359 1
6839 610 1
6839 739 1
6840 2879 1
6840 3866 1
6840 5916 1
6841 6359 1
6841 6427 1
6842 3045 1
6842 3182 1
6843 3609 1
6843 3842 1
6843 3851 1
6843 5368 1
6843 5716 1
6844 2698 1
6844 6359 1
6845 4347 1
6845 5345 1
6845 6359 1
6846 1173 1
6846 1970 1
6847 2628 1
6847 2879 1
6848 5344 1
6848 5487 1
6849 1344 1
6849 1423 1
6849 6850 1
6850 739 1
6850 741 1
6851 1030 1
6851 1143 1
6851 2355 1
6851 2359 1
6851 6852 1
6852 2242 1
6852 4865 1
6853 914 1
6853 1954 1
6854 2929 1
6854 5894 1
6855 2115 1
6855 4706 1
6855 6755 1
6856 2288 1
6856 4396 1
6856 6857 1
6857 4199 1
6857 6835 1
6858 1493 1
6858 4199 1
6858 4598 1
6858 6049 1
6859 2628 1
6859 6828 1
6860 2000 1
6860 4404 1
6861 776 1
6861 6359 1
6862 4971 1
6862 6863 1
6863 1452 1
6863 4768 1
6864 6862 1
6864 6865 1
6865 1929 1
6865 6159 1
6866 677 1
6866 1250 1
6866 2926 1
6866 3899 1
6866 4363 1
6866 4404 1
6866 4971 1
6866 6137 1
6866 6391 1
6866 6427 1
6866 6755 1
6866 6867 1
6867 3116 1
6867 3117 1
6868 2879 1
6868 5862 1
6868 6359 1
6868 6838 1
6868 6869 1
6869 122 1
6869 204 1
6869 5161 1
6869 5890 1
6869 6466 1
6870 1255 1
6870 1926 1
6870 6863 1
6870 6871 1
6871 860 1
6871 2879 1
6872 762 1
6872 822 1
6872 4971 1
6873 1361 1
6873 1452 1
6874 1428 1
6874 1881 1
6874 6834 1
6875 3220 1
6875 3782 1
6875 4971 1
6875 6359 1
6876 4404 1
6876 6877 1
6877 36 1
6877 1242 1
6878 4404 1
6878 6427 1
6878 6879 1
6879 2580 1
6879 3886 1
6879 4566 1
6880 776 1
6880 1993 1
6881 5682 1
6881 6182 1
6882 880 1
6882 1832 1
6883 2698 1
6883 3327 1
6883 6884 1
6884 100 1
6884 2450 1
6885 3156 1
6885 6886 1
6886 2391 1
6886 6391 1
6887 860 1
6887 1464 1
6888 1035 1
6888 1993 1
6888 2115 1
6888 2380 1
6888 2553 1
6888 3375 1
6888 3442 1
6888 4018 1
6888 4056 1
6888 4159 1
6888 4604 1
6888 5656 1
6888 6356 1
6888 6359 1
6888 6371 1
6888 6427 1
6888 6580 1
6888 6699 1
6888 6755 1
6888 6760 1
6888 6844 1
6888 6885 1
6888 6887 1
6888 6889 1
6889 776 1
6889 6861 1
6890 1812 1
6890 6891 1
6891 1377 1
6891 1747 1
6892 669 1
6892 1344 1
6892 6873 1
6893 908 1
6893 1700 1
6893 4971 1
6894 1993 1
6894 5842 1
6894 6895 1
6895 992 1
6895 5421 1
6895 6096 1
6896 6359 1
6896 6897 1
6897 2226 1
6897 5007 1
6898 458 1
6898 2359 1
6898 2600 1
6899 1223 1
6899 6872 1
6900 860 1
6900 1837 1
6901 3744 1
6901 4199 1
6901 4971 1
6902 776 1
6902 969 1
6902 1751 1
6902 1892 1
6903 1453 1
6903 1701 1
6904 2546 1
6904 4971 1
6904 6896 1
6905 493 1
6905 1786 1
6905 3196 1
6906 2553 1
6906 6427 1
6907 2355 1
6907 6857 1
6907 6908 1
6908 2152 1
6908 4382 1
6909 2450 1
6909 6910 1
6910 2115 1
6910 6359 1
6911 2115 1
6911 2299 1
6911 2359 1
6911 2427 1
6911 2574 1
6911 2735 1
6911 2879 1
6911 2943 1
6911 3571 1
6911 4360 1
6911 4491 1
6911 4971 1
6911 5011 1
6911 5124 1
6911 5938 1
6911 6391 1
6911 6427 1
6911 6695 1
6911 6838 1
6911 6906 1
6911 6912 1
6912 5 1
6912 657 1
6913 3661 1
6913 4404 1
6913 6427 1
6914 3782 1
6914 4798 1
6915 1993 1
6915 4199 1
6915 4423 1
6915 6916 1
6916 778 1
6916 2246 1
6916 2950 1
6917 2732 1
6917 5064 1
6918 1066 1
6918 1234 1
6918 1922 1
6919 2115 1
6919 2698 1
6919 2893 1
6919 2950 1
6919 3600 1
6919 3959 1
6919 4404 1
6919 4971 1
6919 6225 1
6920 2115 1
6920 2299 1
6920 4971 1
6920 6427 1
6920 6832 1
6921 2326 1
6921 2359 1
6921 3212 1
6922 635 1
6922 1496 1
6922 6832 1
6923 1999 1
6923 5842 1
6924 2299 1
6924 6832 1
6925 1428 1
6925 6834 1
6926 682 1
6926 892 1
6926 1075 1
6926 2359 1
6927 2766 1
6927 5157 1
6928 2299 1
6928 4199 1
6928 5862 1
6928 6847 1
6928 6929 1
6929 2735 1
6929 5345 1
6929 5617 1
6930 1455 1
6930 1701 1
6930 6359 1
6930 6734 1
6931 2299 1
6931 4971 1
6932 949 1
6932 1164 1
6932 2359 1
6933 989 1
6933 1059 1
6934 6910 1
6934 6935 1
6935 2359 1
6935 3851 1
6936 776 1
6936 2355 1
6936 4347 1
6936 4362 1
6936 5017 1
6936 6860 1
6937 2359 1
6937 2813 1
6938 893 1
6938 1397 1
6939 2574 1
6939 4404 1
6939 4815 1
6939 6844 1
6940 6356 1
6940 6941 1
6941 2775 1
6941 6080 1
6941 6359 1
6942 2698 1
6942 4060 1
6942 6943 1
6943 2583 1
6943 2929 1
6944 939 1
6944 6945 1
6945 1521 1
6945 1522 1
6946 3851 1
6946 6864 1
6947 2299 1
6947 6948 1
6948 2879 1
6948 6847 1
6949 5693 1
6949 6432 1
6950 2115 1
6950 3446 1
6950 3936 1
6950 4577 1
6950 4971 1
6950 6427 1
6950 6889 1
6951 2450 1
6951 2969 1
6951 4056 1
6951 6159 1
6951 6198 1
6951 6356 1
6951 6427 1
6951 6532 1
6951 6695 1
6951 6751 1
6951 6828 1
6951 6843 1
6951 6844 1
6951 6952 1
6952 83 1
6952 2083 1
6953 1996 1
6953 6954 1
6954 4404 1
6954 6678 1
6955 2115 1
6955 3049 1
6955 4404 1
6955 6373 1
6956 6838 1
6956 6893 1
6957 5286 1
6957 6958 1
