3696 771 1
3696 882 1
3696 1543 1
3696 3697 1
3697 526 1
3697 781 1
3697 2571 1
3698 733 1
3698 3699 1
3699 1514 1
3699 3678 1
3700 292 1
3700 804 1
3700 3701 1
3701 2370 1
3701 2373 1
3702 771 1
3702 2923 1
3703 671 1
3703 3698 1
3704 754 1
3704 1991 1
3704 3503 1
3705 671 1
3705 733 1
3706 1818 1
3706 3705 1
3707 678 1
3707 2559 1
3707 3698 1
3708 804 1
3708 2000 1
3708 3255 1
3709 2059 1
3709 2502 1
3709 3412 1
3710 761 1
3710 2447 1
3710 3711 1
3711 2304 1
3711 2310 1
3712 808 1
3712 3701 1
3713 63 1
3713 494 1
3713 771 1
3713 3714 1
3714 2992 1
3714 3154 1
3715 804 1
3715 2458 1
3716 771 1
3716 2285 1
3717 1199 1
3717 2779 1
3718 99 1
3718 771 1
3718 1879 1
3718 3500 1
3719 572 1
3719 754 1
3719 3503 1
3720 610 1
3720 1598 1
3721 754 1
3721 1448 1
3721 3503 1
3722 3383 1
3722 3666 1
3723 807 1
3723 3472 1
3724 771 1
3724 2293 1
3724 2673 1
3725 754 1
3725 804 1
3725 1024 1
3725 3726 1
3726 190 1
3726 1200 1
3726 3230 1
3727 754 1
3727 2572 1
3727 3728 1
3728 1200 1
3728 3464 1
3729 238 1
3729 771 1
3729 1885 1
3730 610 1
3730 2780 1
3731 544 1
3731 1905 1
3731 2534 1
3731 3732 1
3732 784 1
3732 3437 1
3733 669 1
3733 678 1
3733 3698 1
3734 1024 1
3734 2673 1
3735 1199 1
3735 1737 1
3735 3241 1
3735 3736 1
3736 671 1
3736 739 1
3736 1923 1
3737 771 1
3737 2673 1
3737 3738 1
3738 285 1
3738 1493 1
3738 2572 1
3738 2858 1
3738 3060 1
3738 3431 1
3739 1737 1
3739 1929 1
3739 2780 1
3739 3740 1
3740 610 1
3740 1626 1
3741 292 1
3741 771 1
3741 804 1
3741 3742 1
3742 854 1
3742 2371 1
3743 924 1
3743 3744 1
3744 739 1
3744 1920 1
3745 582 1
3745 797 1
3746 771 1
3746 1674 1
3747 754 1
3747 2371 1
3747 3748 1
3748 1813 1
3748 1915 1
3749 754 1
3749 912 1
3750 649 1
3750 2854 1
3751 733 1
3751 2213 1
3752 362 1
3752 2572 1
3752 2673 1
3753 771 1
3753 1885 1
3753 2645 1
3754 1023 1
3754 2572 1
3754 2673 1
3754 3755 1
3755 804 1
3755 3700 1
3756 3711 1
3756 3757 1
3757 987 1
3757 3321 1
3758 771 1
3758 2313 1
3759 754 1
3759 3760 1
3760 2541 1
3760 3424 1
3761 771 1
3761 2642 1
3762 3698 1
3762 3717 1
3763 678 1
3763 2062 1
3763 3715 1
3764 804 1
3764 1228 1
3764 2463 1
3764 3173 1
3765 283 1
3765 2243 1
3766 1752 1
3766 2823 1
3767 607 1
3767 3537 1
3768 3242 1
3768 3769 1
3769 610 1
3769 3683 1
3770 804 1
3770 3771 1
3771 292 1
3771 1024 1
3771 2373 1
3772 754 1
3772 1199 1
3772 3773 1
3773 2780 1
3773 3242 1
3774 490 1
3774 1957 1
3775 362 1
3775 2293 1
3775 2673 1
3776 671 1
3776 924 1
3776 3698 1
3777 235 1
3777 771 1
3777 3756 1
3778 2572 1
3778 2673 1
3779 362 1
3779 2673 1
3779 3200 1
3780 691 1
3780 2463 1
3781 725 1
3781 2059 1
3782 508 1
3782 964 1
3782 3708 1
3783 1777 1
3783 3731 1
3784 774 1
3784 1200 1
3784 3785 1
3785 2363 1
3785 2376 1
3786 174 1
3786 761 1
3786 3780 1
3787 292 1
3787 2380 1
3788 362 1
3788 1885 1
3788 3789 1
3789 2514 1
3789 2572 1
3790 3503 1
3790 3791 1
3791 1289 1
3791 1296 1
3792 527 1
3792 1543 1
3792 3793 1
3793 620 1
3793 754 1
3794 1241 1
3794 1733 1
3795 1771 1
3795 2744 1
3795 3796 1
3796 761 1
3796 3422 1
3796 3423 1
3797 754 1
3797 3760 1
3798 280 1
3798 2888 1
3798 3670 1
3799 647 1
3799 2854 1
3800 723 1
3800 754 1
3800 1661 1
3800 3272 1
3801 771 1
3801 3797 1
3801 3802 1
3802 377 1
3802 381 1
3803 494 1
3803 2140 1
3803 2291 1
3804 2673 1
3804 2840 1
