16018 754 1
16018 2439 1
16018 11217 1
16018 16019 1
16019 1336 1
16019 4203 1
16019 6212 1
16019 7388 1
16019 7657 1
16019 9799 1
16019 11764 1
16019 13638 1
16020 5690 1
16020 13747 1
16021 754 1
16021 2499 1
16021 11217 1
16021 16022 1
16022 1713 1
16022 1737 1
16022 3245 1
16022 3631 1
16022 4838 1
16022 7094 1
16022 8181 1
16022 9880 1
16022 11985 1
16022 12698 1
16022 13383 1
16022 14021 1
16023 3746 1
16023 15316 1
16024 3965 1
16024 12253 1
16025 3372 1
16025 3965 1
16025 14242 1
16025 14649 1
16025 16026 1
16026 9052 1
16026 13107 1
16026 14703 1
16027 3965 1
16027 14242 1
16028 5738 1
16028 9604 1
16028 11217 1
16029 3138 1
16029 15316 1
16030 5738 1
16030 11217 1
16030 15407 1
16030 16031 1
16031 5492 1
16031 6236 1
16031 8189 1
16031 12726 1
16031 13425 1
16031 13972 1
16031 13980 1
16031 15227 1
16032 5738 1
16032 8452 1
16032 11217 1
16032 16033 1
16033 1195 1
16033 1606 1
16033 2798 1
16033 9778 1
16033 11640 1
16034 754 1
16034 1128 1
16034 3965 1
16034 16035 1
16035 4582 1
16035 11640 1
16035 13741 1
16036 3965 1
16036 9843 1
16037 3825 1
16037 5748 1
16037 15407 1
16037 16038 1
16038 1198 1
16038 2658 1
16038 12424 1
16038 13016 1
16038 13285 1
16038 13366 1
16038 14864 1
16039 3570 1
16039 3779 1
16039 5738 1
16039 16040 1
16040 2772 1
16040 9052 1
16040 12534 1
16041 754 1
16041 2439 1
16041 4023 1
16041 16042 1
16042 3228 1
16042 6991 1
16042 9938 1
16042 11372 1
16042 13014 1
16043 3965 1
16043 11217 1
16043 11898 1
16044 3965 1
16044 9880 1
16044 11217 1
16045 1195 1
16045 6455 1
16045 13938 1
16046 3341 1
16046 11706 1
16047 3825 1
16047 11217 1
16047 13016 1
16047 13590 1
16047 16048 1
16048 1067 1
16048 1195 1
16048 6644 1
16048 12098 1
16049 5690 1
16049 13744 1
16050 754 1
16050 11217 1
16050 11420 1
16050 16051 1
16051 4401 1
16051 5642 1
16051 8880 1
16051 12643 1
16052 754 1
16052 3825 1
16052 16053 1
16053 11985 1
16053 12010 1
16054 3825 1
16054 6925 1
16054 9976 1
16054 9980 1
16054 14649 1
16055 754 1
16055 4023 1
16055 10428 1
16055 16056 1
16056 74 1
16056 1041 1
16056 4627 1
16056 7428 1
16056 12797 1
16056 13054 1
16057 6106 1
16057 12184 1
16058 3437 1
16058 12184 1
16058 15407 1
16058 16059 1
16059 15636 1
16059 15826 1
16059 15879 1
16059 15948 1
16060 2070 1
16060 3965 1
16060 8129 1
16061 754 1
16061 11217 1
16061 11420 1
16061 16062 1
16062 149 1
16062 2897 1
16062 10561 1
16062 12825 1
16063 3570 1
16063 6515 1
16063 16064 1
16064 5958 1
16064 5959 1
16064 5960 1
16065 6870 1
16065 10399 1
16065 11217 1
16066 3965 1
16066 6870 1
16066 10389 1
16067 5594 1
16067 15696 1
16068 6106 1
16068 11217 1
16068 11245 1
16068 15017 1
16068 16069 1
16069 15525 1
16069 15528 1
16069 15587 1
16069 15918 1
16070 6106 1
16070 11245 1
16070 12184 1
16071 1868 1
16071 4937 1
16071 8129 1
16071 8944 1
16071 14649 1
16071 16072 1
16072 15518 1
16072 15600 1
16072 15928 1
16072 15957 1
16073 1918 1
16073 4685 1
16074 8946 1
16074 8996 1
16074 10631 1
16075 8303 1
16075 9515 1
16076 754 1
16076 2499 1
16076 16077 1
16077 2744 1
16077 3559 1
16077 6543 1
16077 8872 1
16077 9991 1
16077 11260 1
16077 11985 1
16077 13979 1
16077 14383 1
16078 754 1
16078 3825 1
16078 11420 1
16078 16079 1
16079 2337 1
16079 6774 1
16079 8285 1
16079 9590 1
16079 11566 1
16079 13406 1
16080 754 1
16080 1393 1
16080 3965 1
16080 16081 1
16081 7021 1
16081 7340 1
16081 9979 1
16082 3658 1
16082 3965 1
16083 5738 1
16083 15407 1
16084 13744 1
16084 15407 1
16085 3533 1
16085 3746 1
16085 7906 1
16085 13488 1
16085 16086 1
16086 4313 1
16086 14359 1
16087 754 1
16087 2499 1
16087 3965 1
16087 16088 1
16088 3683 1
16088 4971 1
16088 8211 1
16088 8269 1
16088 12461 1
16088 12544 1
16088 12732 1
16088 12734 1
16088 12828 1
16088 13515 1
16089 3188 1
16089 10472 1
16089 11217 1
16090 960 1
16090 11217 1
16091 3527 1
16091 16023 1
16091 16092 1
16092 2722 1
16092 3570 1
16093 3372 1
16093 8129 1
16093 16094 1
16094 2108 1
16094 4584 1
16095 5752 1
16095 15407 1
16096 3349 1
16096 3779 1
16096 4584 1
16096 9167 1
16096 16097 1
16097 5738 1
16097 16049 1
16098 754 1
16098 2939 1
16098 11217 1
16098 16099 1
16099 1488 1
16099 4963 1
16099 10827 1
16099 12538 1
16099 13015 1
16099 15148 1
16100 14242 1
16100 15227 1
16101 308 1
16101 754 1
16101 11812 1
16101 16102 1
16102 2394 1
16102 8222 1
16102 12829 1
16102 12918 1
16102 13984 1
16103 3779 1
16103 16049 1
16104 754 1
16104 3095 1
16104 11217 1
16104 16105 1
16105 1741 1
16105 5565 1
16105 14864 1
16105 15172 1
16106 3779 1
16106 5738 1
16107 1321 1
16107 3825 1
16107 16108 1
16108 12188 1
16108 13590 1
16109 754 1
16109 3138 1
16109 11410 1
16109 16110 1
16110 841 1
16110 842 1
16110 847 1
16111 3965 1
16111 8098 1
16111 8129 1
16112 2803 1
16112 3825 1
16112 16113 1
16113 1635 1
16113 9167 1
16114 1737 1
16114 11217 1
16114 16052 1
16114 16115 1
16115 8640 1
16115 8642 1
16115 8973 1
16115 9185 1
16116 754 1
16116 2191 1
16116 6188 1
16116 16117 1
16117 13176 1
16117 13177 1
16117 13178 1
16117 13179 1
16117 13180 1
16118 1032 1
16118 7052 1
16119 7052 1
16119 9863 1
16119 11217 1
16119 16120 1
16120 7320 1
16120 15786 1
16121 5748 1
16121 15407 1
16122 7582 1
16122 15444 1
16122 16123 1
16123 9019 1
16123 12926 1
16124 10346 1
16124 12335 1
16124 13972 1
16125 3372 1
16125 12368 1
16125 14649 1
