13 13 11 11 11 11 11 11 11 11 13 13 0 
9 9 9 9 9 9 9 9 0 
3 3 0 
17 17 15 15 15 15 15 15 15 15 15 15 15 15 17 17 0 
13 13 13 13 13 13 13 13 13 13 13 13 0 
3 3 0 
3 3 0 
9 9 6 6 6 9 9 9 0 
4 4 4 0 
3 3 0 
4 4 4 0 
3 3 0 
13 10 10 10 10 10 10 10 10 13 13 13 0 
9 9 9 9 9 9 9 9 0 
10 7 7 7 7 7 10 10 10 0 
6 6 6 6 6 0 
8 8 6 6 6 8 8 0 
4 4 4 0 
3 3 0 
12 9 9 9 9 9 9 9 12 12 12 0 
8 8 8 8 8 8 8 0 
8 5 5 5 8 8 8 0 
4 4 4 0 
10 10 8 8 8 8 8 10 10 0 
6 6 6 6 6 0 
4 4 4 0 
4 4 4 0 
4 4 4 0 
3 3 0 
10 10 10 8 8 8 8 10 10 0 
5 5 5 5 0 
3 3 0 
9 9 7 7 7 7 9 9 0 
5 5 5 5 0 
6 4 4 6 6 0 
3 3 0 
6 6 6 6 6 0 
11 8 8 8 8 8 8 11 11 11 0 
7 7 7 7 7 7 0 
3 3 0 
9 6 6 6 6 9 9 9 0 
5 5 5 5 0 
4 4 4 0 
9 6 6 6 6 9 9 9 0 
5 5 5 5 0 
9 9 6 6 6 9 9 9 0 
4 4 4 0 
4 4 4 0 
4 4 4 0 
3 3 0 
10 6 6 6 6 10 10 10 10 0 
5 5 5 5 0 
4 4 4 0 
12 12 12 8 8 8 8 12 12 12 12 0 
5 5 5 5 0 
3 3 0 
4 4 4 0 
3 3 0 
13 13 12 12 12 12 12 12 12 12 12 13 0 
10 10 10 10 10 10 10 10 10 0 
11 11 9 9 9 9 9 9 11 11 0 
7 7 7 7 7 7 0 
8 8 6 6 6 8 8 0 
4 4 4 0 
3 3 0 
3 3 0 
3 3 0 
8 4 4 8 8 8 8 0 
3 3 0 
15 15 13 13 13 13 13 13 13 13 13 13 15 15 0 
11 11 11 11 11 11 11 11 11 11 0 
4 4 4 0 
3 3 0 
3 3 8 8 7 7 8 0 
3 3 0 
3 3 6 6 6 0 
3 3 0 
3 3 0 
10 10 10 10 7 7 9 9 10 0 
3 3 5 5 0 
11 8 8 8 8 8 8 11 11 11 0 
7 7 7 7 7 7 0 
3 3 0 
10 10 8 8 8 8 8 10 10 0 
6 6 6 6 6 0 
5 4 4 5 0 
9 9 7 7 7 7 9 9 0 
5 5 5 5 0 
3 3 0 
6 6 5 5 6 0 
3 3 0 
8 8 6 6 6 8 8 0 
4 4 4 0 
4 4 4 0 
7 7 5 5 7 7 0 
3 3 0 
6 4 4 6 6 14 11 11 11 11 14 14 14 0 
5 5 5 5 0 
10 10 8 8 8 8 8 10 10 0 
6 6 6 6 6 0 
3 3 0 
7 7 5 5 7 7 0 
3 3 0 
3 3 0 
3 3 6 6 6 0 
3 3 0 
4 4 4 0 
4 4 4 0 
