6360 1481 1
6360 3644 1
6361 6308 1
6362 3326 1
6362 5628 1
6363 2987 1
6363 5728 1
6363 6334 1
6363 6364 1
6364 200 1
6364 1452 1
6364 6145 1
6365 1271 1
6365 6116 1
6366 3375 1
6366 5623 1
6367 497 1
6367 1404 1
6367 4929 1
6368 1404 1
6368 2951 1
6368 2979 1
6369 497 1
6369 2470 1
6370 2119 1
6370 4213 1
6371 1271 1
6371 3657 1
6371 4190 1
6371 6185 1
6372 1271 1
6372 2995 1
6373 497 1
6373 1467 1
6374 4981 1
6374 6334 1
6375 6334 1
6375 6376 1
6376 2401 1
6376 2445 1
6377 5623 1
6377 6078 1
6378 3485 1
6378 6375 1
6378 6379 1
6379 3123 1
6379 6142 1
6379 6160 1
6379 6181 1
6380 3485 1
6380 6369 1
6381 1401 1
6381 1510 1
6381 3657 1
6382 5623 1
6382 6146 1
6383 6078 1
6383 6384 1
6384 497 1
6384 3378 1
6384 5041 1
6385 6334 1
6385 6386 1
6385 6387 1
6386 6142 1
6386 6160 1
6386 6181 1
6387 1452 1
6387 1752 1
6387 2612 1
6387 6136 1
6387 6270 1
6388 6384 1
6388 6389 1
6389 1863 1
6389 1953 1
6389 4197 1
6389 5228 1
6389 5887 1
6389 6325 1
6390 1663 1
6390 4190 1
6390 6391 1
6391 1271 1
6391 6365 1
6392 1404 1
6392 6384 1
6393 500 1
6393 5728 1
6393 5844 1
6394 3303 1
6394 4190 1
6394 5628 1
6394 5790 1
6394 6103 1
6394 6223 1
6395 2951 1
6395 5728 1
6396 3372 1
6396 5623 1
6397 1863 1
6397 4926 1
6397 6373 1
6398 3372 1
6398 5674 1
6399 5728 1
6399 6066 1
6399 6375 1
6399 6400 1
6400 764 1
6400 1434 1
6400 3745 1
6400 5250 1
6401 986 1
6401 1038 1
6401 3917 1
6401 4617 1
6401 6301 1
6402 2987 1
6402 5728 1
6403 200 1
6403 5589 1
6403 6142 1
6404 1880 1
6404 2119 1
6404 3183 1
6405 3888 1
6405 4617 1
6405 4657 1
6406 4116 1
6406 6407 1
6407 500 1
6407 6337 1
6408 4190 1
6408 6066 1
6408 6375 1
6408 6391 1
6408 6409 1
6409 1666 1
6409 2278 1
6409 2519 1
6409 2975 1
6410 497 1
6410 3485 1
6411 986 1
6411 1038 1
6411 6292 1
6412 1271 1
6412 1663 1
6413 4929 1
6413 6384 1
6414 2470 1
6414 6334 1
6415 4190 1
6415 4257 1
6415 5628 1
6416 502 1
6416 1259 1
6417 1586 1
6417 3378 1
6417 3977 1
6418 4213 1
6418 5628 1
6419 5728 1
6419 6066 1
6419 6420 1
6420 6065 1
6420 6334 1
6420 6375 1
6421 3485 1
6421 6422 1
6422 6334 1
6422 6375 1
6423 2460 1
6423 6385 1
6424 1897 1
6424 6334 1
6425 6334 1
6425 6387 1
6426 3509 1
6426 5628 1
6426 5713 1
6427 1887 1
6427 6375 1
6428 6 1
6428 1038 1
6429 6142 1
6429 6384 1
6429 6430 1
6430 2401 1
6430 2451 1
6430 3372 1
6430 6203 1
6430 6427 1
6431 6300 1
6431 6428 1
6432 3129 1
6432 6078 1
6433 1290 1
6433 5628 1
6434 6142 1
6434 6430 1
6435 6142 1
6435 6384 1
6435 6436 1
6436 5626 1
6436 6398 1
6437 5628 1
6437 5728 1
6438 2460 1
6438 3129 1
6438 6146 1
6439 1404 1
6439 5640 1
6440 1876 1
6440 4191 1
6441 3597 1
6441 5623 1
6441 6375 1
6441 6442 1
6442 4124 1
6442 6309 1
6443 2470 1
6443 6334 1
6444 171 1
6444 821 1
6444 1038 1
6445 3269 1
6445 3715 1
6446 1404 1
6446 6379 1
6447 1271 1
6447 4190 1
6447 6409 1
6448 1586 1
6448 6270 1
6449 4069 1
6449 4116 1
6449 5626 1
6449 5975 1
6450 4190 1
6450 5260 1
6451 6303 1
6451 6382 1
6451 6405 1
6451 6444 1
6452 2449 1
6452 4281 1
6453 2460 1
6453 5628 1
6453 6146 1
6453 6454 1
6454 1380 1
6454 2964 1
6455 1101 1
6455 1245 1
6456 5626 1
6456 6372 1
6457 4190 1
6457 4257 1
6458 3372 1
6458 6459 1
6459 1378 1
6459 3378 1
6459 5623 1
6460 4904 1
6460 5628 1
6461 5626 1
6461 6462 1
6462 1512 1
6462 4827 1
6463 3372 1
6463 5041 1
6463 6464 1
6464 3240 1
6464 3427 1
6464 3683 1
6464 4116 1
6464 5975 1
6464 6318 1
6465 4752 1
6465 6384 1
6465 6466 1
6466 2445 1
6466 2451 1
6466 3372 1
6466 6078 1
6467 4095 1
6467 4614 1
6468 6142 1
6468 6375 1
6469 5644 1
6469 6078 1
6470 1382 1
6470 5728 1
6470 6406 1
6471 4095 1
6471 6472 1
6472 3 1
6472 4095 1
6472 5791 1
6473 2859 1
6473 6391 1
6473 6474 1
6474 6119 1
6474 6171 1
6475 1586 1
6475 2470 1
6475 6476 1
6476 4668 1
6476 5123 1
6477 2979 1
6477 5644 1
6477 6478 1
6478 6103 1
6478 6334 1
6478 6351 1
6479 497 1
6479 5665 1
6480 1452 1
6480 6334 1
6480 6481 1
6481 3183 1
6481 5644 1
6482 6181 1
6482 6466 1
6483 343 1
6483 6434 1
6483 6439 1
6484 3129 1
6484 3372 1
6484 6485 1
6485 3 1
6485 3183 1
6486 1452 1
6486 6103 1
6486 6402 1
6487 5728 1
6487 6040 1
6487 6488 1
6487 6489 1
6488 6103 1
6488 6334 1
