3 3 4 0 
3 3 0 
2 3 0 
2 0 
3 3 4 0 
3 3 0 
4 4 4 5 0 
4 4 4 0 
2 3 0 
2 0 
5 5 5 5 6 0 
5 5 5 5 0 
4 4 4 5 0 
4 4 4 0 
3 3 4 0 
3 3 0 
3 3 4 0 
3 3 0 
7 7 7 7 7 7 8 0 
7 7 7 7 7 7 0 
7 7 7 7 7 7 8 0 
7 7 7 7 7 7 0 
4 4 4 5 0 
4 4 4 0 
2 3 0 
2 0 
5 5 5 5 6 0 
5 5 5 5 0 
3 3 4 0 
3 3 0 
3 3 4 0 
3 3 0 
2 3 9 9 9 7 8 9 10 11 0 
2 3 9 9 9 7 8 9 10 0 
2 3 9 9 9 7 8 9 0 
7 5 5 5 6 7 8 9 0 
7 5 5 5 6 7 8 0 
7 5 5 5 6 7 0 
6 4 4 5 6 7 8 0 
6 4 4 5 6 7 0 
6 4 4 5 6 0 
6 4 4 5 6 7 8 0 
6 4 4 5 6 7 0 
6 4 4 5 6 0 
7 7 7 7 7 7 8 22 22 16 16 16 16 16 16 17 22 20 20 21 22 53 29 29 29 29 29 29 30 52 37 37 37 37 37 37 38 52 52 46 46 46 46 46 46 47 52 50 50 51 52 53 54 0 
7 7 7 7 7 7 8 22 22 16 16 16 16 16 16 17 22 20 20 21 22 53 29 29 29 29 29 29 30 52 37 37 37 37 37 37 38 52 52 46 46 46 46 46 46 47 52 50 50 51 52 53 0 
7 7 7 7 7 7 8 22 22 16 16 16 16 16 16 17 22 20 20 21 22 0 
7 7 7 7 7 7 8 30 15 15 15 15 15 15 16 30 30 24 24 24 24 24 24 25 30 28 28 29 30 0 
2 3 9 9 9 7 8 9 10 11 0 
2 3 9 9 9 7 8 9 10 0 
2 3 9 9 9 7 8 9 0 
3 3 4 13 11 11 11 11 11 11 12 13 0 20 20 20 20 20 20 21 0 0 27 27 27 27 28 0 
3 3 4 13 11 11 11 11 11 11 12 13 0 20 20 20 20 20 20 21 0 0 27 27 27 27 28 0 31 31 32 41 39 39 39 39 39 39 40 41 0 
3 3 4 13 11 11 11 11 11 11 12 13 0 
7 7 7 7 7 7 8 0 0 14 14 14 14 15 0 18 18 19 28 26 26 26 26 26 26 27 28 0 35 35 35 35 35 35 36 0 0 
7 7 7 7 7 7 8 0 0 14 14 14 14 15 0 18 18 19 28 26 26 26 26 26 26 27 28 0 
0 6 6 6 6 7 0 10 10 11 20 18 18 18 18 18 18 19 20 0 27 27 27 27 27 27 28 0 0 
0 6 6 6 6 7 0 10 10 11 20 18 18 18 18 18 18 19 20 0 27 27 27 27 27 27 28 0 0 34 34 34 34 35 0 
0 6 6 6 6 7 0 10 10 11 20 18 18 18 18 18 18 19 20 0 27 27 27 27 27 27 28 0 0 34 34 34 34 35 0 
3 3 4 13 11 11 11 11 11 11 12 13 0 20 20 20 20 20 20 21 0 0 
3 3 4 13 11 11 11 11 11 11 12 13 0 20 20 20 20 20 20 21 0 0 27 27 27 27 28 0 
3 3 4 13 11 11 11 11 11 11 12 13 0 20 20 20 20 20 20 21 0 0 27 27 27 27 28 0 
7 7 7 7 7 7 8 0 0 14 14 14 14 15 0 18 18 19 28 26 26 26 26 26 26 27 28 0 
7 7 7 7 7 7 8 0 0 14 14 14 14 15 0 18 18 19 28 26 26 26 26 26 26 27 28 0 35 35 35 35 35 35 36 0 0 
7 7 7 7 7 7 8 9 0 
3 3 4 0 0 8 8 9 18 16 16 16 16 16 16 17 18 0 
3 3 4 0 0 8 8 9 18 16 16 16 16 16 16 17 18 0 25 25 25 25 25 25 26 0 0 
3 3 4 0 0 8 8 9 18 16 16 16 16 16 16 17 18 0 25 25 25 25 25 25 26 0 0 
10 8 8 8 8 8 8 9 10 0 17 17 17 17 17 17 18 0 0 24 24 24 24 25 0 
10 8 8 8 8 8 8 9 10 0 17 17 17 17 17 17 18 0 0 24 24 24 24 25 0 28 28 29 38 36 36 36 36 36 36 37 38 0 
10 8 8 8 8 8 8 9 10 0 
7 7 7 7 7 7 8 0 0 14 14 14 14 15 0 18 18 19 28 26 26 26 26 26 26 27 28 0 
7 7 7 7 7 7 8 0 11 11 12 0 0 20 20 20 20 20 20 21 0 24 24 25 0 0 33 33 33 33 33 33 34 0 37 37 38 0 0 
7 7 7 7 7 7 8 0 11 11 12 0 0 20 20 20 20 20 20 21 0 24 24 25 0 0 33 33 33 33 33 33 34 0 37 37 38 0 0 46 46 46 46 46 46 47 0 50 50 51 0 0 
7 7 7 7 7 7 8 0 11 11 12 0 0 20 20 20 20 20 20 21 0 24 24 25 0 0 33 33 33 33 33 33 34 0 37 37 38 0 0 46 46 46 46 46 46 47 0 50 50 51 0 0 
7 7 7 7 7 7 8 14 11 11 12 14 14 0 
4 4 4 5 0 8 8 9 0 0 17 17 17 17 17 17 18 0 21 21 22 0 0 30 30 30 30 30 30 31 0 34 34 35 0 0 
4 4 4 5 0 8 8 9 0 0 17 17 17 17 17 17 18 0 21 21 22 0 0 30 30 30 30 30 30 31 0 34 34 35 0 0 43 43 43 43 43 43 44 0 47 47 48 0 0 
4 4 4 5 0 8 8 9 0 0 17 17 17 17 17 17 18 0 21 21 22 0 0 30 30 30 30 30 30 31 0 34 34 35 0 0 43 43 43 43 43 43 44 0 47 47 48 0 0 
7 7 7 7 7 7 8 22 22 16 16 16 16 16 16 17 22 20 20 21 22 53 29 29 29 29 29 29 30 52 37 37 37 37 37 37 38 52 52 46 46 46 46 46 46 47 52 50 50 51 52 53 0 0 61 61 61 61 61 61 62 0 65 65 66 0 0 74 74 74 74 74 74 75 0 78 78 79 0 0 
7 7 7 7 7 7 8 22 22 16 16 16 16 16 16 17 22 20 20 21 22 53 29 29 29 29 29 29 30 52 37 37 37 37 37 37 38 52 52 46 46 46 46 46 46 47 52 50 50 51 52 53 0 0 61 61 61 61 61 61 62 0 65 65 66 0 0 74 74 74 74 74 74 75 0 78 78 79 0 0 87 87 87 87 87 87 88 0 91 91 92 0 0 
7 7 7 7 7 7 8 22 22 16 16 16 16 16 16 17 22 20 20 21 22 53 29 29 29 29 29 29 30 52 37 37 37 37 37 37 38 52 52 46 46 46 46 46 46 47 52 50 50 51 52 53 0 0 61 61 61 61 61 61 62 0 65 65 66 0 0 74 74 74 74 74 74 75 0 78 78 79 0 0 87 87 87 87 87 87 88 0 91 91 92 0 0 
7 7 7 7 7 7 8 22 22 16 16 16 16 16 16 17 22 20 20 21 22 53 29 29 29 29 29 29 30 52 37 37 37 37 37 37 38 52 52 46 46 46 46 46 46 47 52 50 50 51 52 53 0 0 61 61 61 61 61 61 62 0 65 65 66 0 0 
7 7 7 7 7 7 8 22 22 16 16 16 16 16 16 17 22 20 20 21 22 53 29 29 29 29 29 29 30 52 37 37 37 37 37 37 38 52 52 46 46 46 46 46 46 47 52 50 50 51 52 53 0 0 61 61 61 61 61 61 62 0 65 65 66 0 0 74 74 74 74 74 74 75 0 78 78 79 0 0 
7 7 7 7 7 7 8 22 22 16 16 16 16 16 16 17 22 20 20 21 22 53 29 29 29 29 29 29 30 52 37 37 37 37 37 37 38 52 52 46 46 46 46 46 46 47 52 50 50 51 52 53 0 0 61 61 61 61 61 61 62 0 65 65 66 0 0 74 74 74 74 74 74 75 0 78 78 79 0 0 
4 4 4 5 0 8 8 9 0 0 17 17 17 17 17 17 18 0 21 21 22 0 0 30 30 30 30 30 30 31 0 34 34 35 0 0 
4 4 4 5 0 8 8 9 0 0 17 17 17 17 17 17 18 0 21 21 22 0 0 30 30 30 30 30 30 31 0 34 34 35 0 0 
2 3 0 13 11 11 11 11 11 11 12 13 0 20 20 20 20 20 20 21 0 0 27 27 27 27 28 0 
