0	<EOL>	
1	#	
2	*	
3	~	
4	,	55	
5	?	77	
6	Beth	73	75	
7	Cindy	73	75	
8	George	73	
9	Jim	73	
10	Joe	73	
11	Pam	73	75	
12	a	53	
13	adores	79	
14	and	
15	annoys	63	
16	barks	57	
17	believe	83	
18	believes	81	
19	bird	71	
20	bothers	63	
21	cat	71	
22	cow	71	
23	disturbs	63	
24	doesn't	
25	dog	71	
26	don't	
27	eager	65	
28	easy	65	67	
29	flies	59	
30	horse	71	
31	is	
32	isn't	
33	it	
34	jumps	59	
35	laughs	59	
36	loves	79	
37	meows	57	
38	please	69	
39	rabbit	71	
40	read	69	
41	scolds	79	
42	she	
43	that	61	
44	the	53	
45	they	
46	think	83	
47	thinks	81	
48	to	
49	tough	65	67	
50	who	
51	worries	63	
52	worships	79	
53	53	
54	54	
55	55	
56	56	
57	57	
58	58	
59	59	
60	60	
61	61	
62	62	
63	63	
64	64	
65	65	
66	66	
67	67	
68	68	
69	69	
70	70	
71	71	
72	72	
73	73	
74	74	
75	75	
76	76	
77	77	
78	78	
79	79	
80	80	
81	81	
82	82	
83	83	
84	84	
85	85	
86	86	
87	87	
88	88	
89	89	
90	90	
91	91	
92	92	
93	93	
94	94	
95	95	
96	96	
97	97	
98	98	
99	99	
100	100	
101	101	
102	102	
103	103	
104	104	
105	105	
106	106	
107	107	
108	108	
109	109	
110	110	
111	111	
112	112	
113	113	
114	114	
115	115	
116	116	
117	117	
118	118	
119	119	
120	120	
121	121	
122	122	
123	123	
124	124	
125	125	
126	126	
127	127	
128	128	
129	129	
130	130	
131	131	
132	132	
133	133	
134	134	
135	135	
136	136	
137	137	
138	138	
139	139	
140	140	
