53 54 1
54 12 1
54 44 1
55 56 1
56 4 1
57 58 1
58 16 1
58 37 1
59 60 1
60 29 1
60 34 1
60 35 1
61 62 1
62 43 1
63 64 1
64 15 1
64 20 1
64 23 1
64 51 1
65 66 1
66 27 1
66 28 1
66 49 1
67 68 1
68 28 1
68 49 1
69 70 1
70 38 1
70 40 1
71 72 1
72 19 1
72 21 1
72 22 1
72 25 1
72 30 1
72 39 1
73 74 1
74 6 1
74 7 1
74 8 1
74 9 1
74 10 1
74 11 1
75 76 1
76 6 1
76 7 1
76 11 1
77 78 1
78 5 1
79 80 1
80 13 1
80 36 1
80 41 1
80 52 1
81 82 1
82 18 1
82 47 1
83 84 1
84 17 1
84 46 1
85 86 1
86 87 1
87 24 1
87 42 1
87 55 1
87 77 1
88 89 1
89 90 1
90 31 1
90 65 1
91 92 1
92 93 1
93 31 1
93 67 1
94 95 1
95 96 1
96 48 1
96 69 1
97 98 1
98 99 1
98 100 1
99 14 1
99 73 1
99 83 1
100 14 1
100 73 1
100 83 1
101 102 1
102 103 1
103 26 1
103 45 1
103 55 1
103 77 1
104 105 1
105 106 1
105 108 1
106 53 1
106 71 1
107 116 1
107 117 1
108 107 1
109 110 1
110 111 1
111 50 1
111 79 1
111 105 1
112 113 1
113 114 1
114 59 1
114 105 1
115 107 1
116 73 1
116 110 1
117 73 1
118 119 1
119 120 1
120 14 1
120 57 1
120 113 1
121 122 1
122 123 1
122 124 1
123 44 1
123 71 1
124 107 1
125 126 1
126 127 1
126 128 1
127 43 1
127 73 1
127 81 1
127 126 1
128 43 1
128 73 1
128 81 1
129 130 1
130 131 1
131 43 1
131 75 1
131 81 1
131 126 1
132 133 1
133 134 1
134 43 1
134 98 1
134 126 1
135 136 1
136 137 1
136 138 1
136 139 1
136 140 1
137 102 1
137 119 1
137 122 1
137 133 1
138 86 1
138 119 1
138 122 1
138 130 1
139 92 1
139 95 1
139 130 1
140 61 1
140 63 1
140 89 1
140 95 1
140 122 1
