1	0	2	0
1	1	4	1
1	1	26	1
1	1	24	1
1	1	7	0
1	1	31	1
1	1	10	0
1	1	33	1
1	1	24	1
1	1	27	1
1	1	23	0
1	1	39	1
1	1	20	1
1	2	28	0
2	0	2	0
2	1	4	1
2	1	26	1
2	1	24	1
2	1	7	0
2	1	31	1
2	1	26	0
2	1	33	1
2	1	24	1
2	1	27	1
2	1	21	0
2	1	39	1
2	1	20	1
2	2	28	0
3	0	2	0
3	1	24	1
3	1	25	1
3	1	14	0
3	1	35	1
3	1	20	1
3	1	28	0
3	1	41	1
3	1	27	1
3	1	21	0
3	1	39	1
3	2	12	0
3	3	25	1
3	3	16	0
3	3	35	1
4	0	2	0
4	1	4	0
4	1	37	1
4	1	26	0
4	1	33	1
4	1	24	1
4	1	5	0
4	1	31	1
4	1	26	0
4	1	33	1
4	1	24	1
4	1	27	1
4	1	23	0
4	1	39	1
4	1	20	1
4	2	28	0
5	0	2	0
5	1	8	0
5	1	37	1
5	1	26	0
5	1	33	1
5	1	24	1
5	1	7	0
5	1	31	1
5	1	10	0
5	1	33	1
5	1	24	1
5	1	27	1
5	1	23	0
5	1	39	1
5	1	20	1
5	2	28	0
6	0	2	0
6	1	24	1
6	1	25	1
6	1	11	0
6	1	35	1
6	1	20	1
6	1	17	0
6	1	41	1
6	1	27	1
6	1	21	0
6	1	39	1
6	2	15	0
6	3	5	0
7	0	2	0
7	1	8	0
7	1	37	1
7	1	10	0
7	1	33	1
7	1	24	1
7	1	5	0
7	1	31	1
7	1	10	0
7	1	33	1
7	1	24	1
7	1	27	1
7	1	21	0
7	1	39	1
7	1	20	1
7	2	18	0
8	0	2	0
8	1	8	0
8	1	37	1
8	1	10	0
8	1	33	1
8	1	24	1
8	1	6	0
8	1	31	1
8	1	26	0
8	1	33	1
8	1	24	1
8	1	27	1
8	1	23	0
8	1	39	1
8	1	20	1
8	2	28	0
9	0	2	0
9	1	4	0
9	1	37	1
9	1	26	0
9	1	33	1
9	1	24	1
9	1	6	0
9	1	31	1
9	1	10	0
9	1	33	1
9	1	24	1
9	1	27	1
9	1	23	0
9	1	39	1
9	1	20	1
9	2	18	0
10	0	2	0
10	1	4	0
10	1	37	1
10	1	26	0
10	1	33	1
10	1	24	1
10	1	6	0
10	1	31	1
10	1	26	0
10	1	33	1
10	1	24	1
10	1	27	1
10	1	21	0
10	1	39	1
10	1	20	1
10	2	18	0
11	0	2	0
11	1	24	1
11	1	25	1
11	1	19	0
11	1	35	1
11	1	20	1
11	1	18	0
11	1	41	1
11	1	27	1
11	1	21	0
11	1	39	1
11	2	29	0
11	3	25	1
11	3	19	0
11	3	35	1
12	0	2	0
12	1	4	1
12	1	26	1
12	1	24	1
12	1	8	0
12	1	31	1
12	1	10	0
12	1	33	1
12	1	24	1
12	1	27	1
12	1	23	0
12	1	39	1
12	1	20	1
12	2	18	0
13	0	2	0
13	1	24	1
13	1	6	0
13	1	31	1
13	1	20	1
13	1	17	0
13	1	41	1
13	1	27	1
13	1	21	0
13	1	39	1
13	2	12	0
13	3	25	1
13	3	16	0
13	3	35	1
14	0	2	0
14	1	4	1
14	1	26	1
14	1	24	1
14	1	7	0
14	1	31	1
14	1	10	0
14	1	33	1
14	1	24	1
14	1	27	1
14	1	21	0
14	1	39	1
14	1	20	1
14	2	18	0
15	0	2	0
15	1	24	1
15	1	3	0
15	1	31	1
15	1	20	1
15	1	18	0
15	1	41	1
15	1	27	1
15	1	21	0
15	1	39	1
15	2	9	0
15	3	25	1
15	3	13	0
15	3	35	1
16	0	2	0
16	1	24	1
16	1	25	1
16	1	22	0
16	1	35	1
16	1	20	1
16	1	28	0
16	1	41	1
16	1	27	1
16	1	23	0
16	1	39	1
16	2	12	0
16	3	25	1
16	3	13	0
16	3	35	1
17	0	2	0
17	1	4	0
17	1	37	1
17	1	10	0
17	1	33	1
17	1	24	1
17	1	7	0
17	1	31	1
17	1	26	0
17	1	33	1
17	1	24	1
17	1	27	1
17	1	23	0
17	1	39	1
17	1	20	1
17	2	18	0
18	0	2	0
18	1	4	1
18	1	26	1
18	1	24	1
18	1	6	0
18	1	31	1
18	1	10	0
18	1	33	1
18	1	24	1
18	1	27	1
18	1	21	0
18	1	39	1
18	1	20	1
18	2	28	0
19	0	2	0
19	1	8	0
19	1	37	1
19	1	26	0
19	1	33	1
19	1	24	1
19	1	7	0
19	1	31	1
19	1	10	0
19	1	33	1
19	1	24	1
19	1	27	1
19	1	23	0
19	1	39	1
19	1	20	1
19	2	18	0
20	0	2	0
20	1	4	1
20	1	26	1
20	1	24	1
20	1	6	0
20	1	31	1
20	1	10	0
20	1	33	1
20	1	24	1
20	1	27	1
20	1	23	0
20	1	39	1
20	1	20	1
20	2	18	0
21	0	2	0
21	1	3	0
21	1	37	1
21	1	10	0
21	1	33	1
21	1	24	1
21	1	7	0
21	1	31	1
21	1	26	0
21	1	33	1
21	1	24	1
21	1	27	1
21	1	21	0
21	1	39	1
21	1	20	1
21	2	28	0
22	0	2	0
22	1	3	0
22	1	37	1
22	1	26	0
22	1	33	1
22	1	24	1
22	1	5	0
22	1	31	1
22	1	26	0
22	1	33	1
22	1	24	1
22	1	27	1
22	1	23	0
22	1	39	1
22	1	20	1
22	2	18	0
23	0	2	0
23	1	24	1
23	1	25	1
23	1	16	0
23	1	35	1
23	1	20	1
23	1	18	0
23	1	41	1
23	1	27	1
23	1	23	0
23	1	39	1
23	2	15	0
23	3	5	0
24	0	2	0
24	1	24	1
24	1	25	1
24	1	14	0
24	1	35	1
24	1	20	1
24	1	28	0
24	1	41	1
24	1	27	1
24	1	21	0
24	1	39	1
24	2	12	0
24	3	25	1
24	3	19	0
24	3	35	1
25	0	2	0
25	1	4	0
25	1	37	1
25	1	26	0
25	1	33	1
25	1	24	1
25	1	5	0
25	1	31	1
25	1	10	0
25	1	33	1
25	1	24	1
25	1	27	1
25	1	23	0
25	1	39	1
25	1	20	1
25	2	28	0
26	0	2	0
26	1	24	1
26	1	25	1
26	1	22	0
26	1	35	1
26	1	20	1
26	1	17	0
26	1	41	1
26	1	27	1
26	1	23	0
26	1	39	1
26	2	15	0
26	3	4	0
27	0	2	0
27	1	24	1
27	1	25	1
27	1	16	0
27	1	35	1
27	1	20	1
27	1	18	0
27	1	41	1
27	1	27	1
27	1	23	0
27	1	39	1
27	2	15	0
27	3	25	1
27	3	13	0
27	3	35	1
28	0	2	0
28	1	8	0
28	1	37	1
28	1	10	0
28	1	33	1
28	1	24	1
28	1	5	0
28	1	31	1
28	1	10	0
28	1	33	1
28	1	24	1
28	1	27	1
28	1	21	0
28	1	39	1
28	1	20	1
28	2	28	0
29	0	2	0
29	1	24	1
29	1	25	1
29	1	13	0
29	1	35	1
29	1	20	1
29	1	18	0
29	1	41	1
29	1	27	1
29	1	21	0
29	1	39	1
29	2	29	0
29	3	7	0
30	0	2	0
30	1	24	1
30	1	4	0
30	1	31	1
30	1	20	1
30	1	28	0
30	1	41	1
30	1	27	1
30	1	21	0
30	1	39	1
30	2	12	0
30	3	25	1
30	3	13	0
30	3	35	1
31	0	2	0
31	1	24	1
31	1	5	0
31	1	31	1
31	1	20	1
31	1	28	0
31	1	41	1
31	1	27	1
31	1	23	0
31	1	39	1
31	2	9	0
31	3	25	1
31	3	22	0
31	3	35	1
32	0	2	0
32	1	4	0
32	1	37	1
32	1	10	0
32	1	33	1
32	1	24	1
32	1	7	0
32	1	31	1
32	1	10	0
32	1	33	1
32	1	24	1
32	1	27	1
32	1	21	0
32	1	39	1
32	1	20	1
32	2	28	0
33	0	2	0
33	1	24	1
33	1	25	1
33	1	13	0
33	1	35	1
33	1	20	1
33	1	18	0
33	1	41	1
33	1	27	1
33	1	21	0
33	1	39	1
33	2	12	0
33	3	8	0
34	0	2	0
34	1	24	1
34	1	25	1
34	1	13	0
34	1	35	1
34	1	20	1
34	1	18	0
34	1	41	1
34	1	27	1
34	1	21	0
34	1	39	1
34	2	15	0
34	3	25	1
34	3	19	0
34	3	35	1
35	0	2	0
35	1	24	1
35	1	25	1
35	1	13	0
35	1	35	1
35	1	20	1
35	1	18	0
35	1	41	1
35	1	27	1
35	1	21	0
35	1	39	1
35	2	15	0
35	3	25	1
35	3	22	0
35	3	35	1
36	0	2	0
36	1	3	0
36	1	37	1
36	1	26	0
36	1	33	1
36	1	24	1
36	1	4	0
36	1	31	1
36	1	10	0
36	1	33	1
36	1	24	1
36	1	27	1
36	1	23	0
36	1	39	1
36	1	20	1
36	2	28	0
37	0	2	0
37	1	4	0
37	1	37	1
37	1	26	0
37	1	33	1
37	1	24	1
37	1	8	0
37	1	31	1
37	1	26	0
37	1	33	1
37	1	24	1
37	1	27	1
37	1	23	0
37	1	39	1
37	1	20	1
37	2	28	0
38	0	2	0
38	1	24	1
38	1	25	1
38	1	11	0
38	1	35	1
38	1	20	1
38	1	17	0
38	1	41	1
38	1	27	1
38	1	23	0
38	1	39	1
38	2	12	0
38	3	25	1
38	3	11	0
38	3	35	1
39	0	2	0
39	1	3	0
39	1	37	1
39	1	10	0
39	1	33	1
39	1	24	1
39	1	5	0
39	1	31	1
39	1	26	0
39	1	33	1
39	1	24	1
39	1	27	1
39	1	23	0
39	1	39	1
39	1	20	1
39	2	18	0
40	0	2	0
40	1	8	0
40	1	37	1
40	1	10	0
40	1	33	1
40	1	24	1
40	1	4	0
40	1	31	1
40	1	26	0
40	1	33	1
40	1	24	1
40	1	27	1
40	1	21	0
40	1	39	1
40	1	20	1
40	2	18	0
41	0	2	0
41	1	24	1
41	1	7	0
41	1	31	1
41	1	20	1
41	1	17	0
41	1	41	1
41	1	27	1
41	1	23	0
41	1	39	1
41	2	15	0
41	3	6	0
42	0	2	0
42	1	3	0
42	1	37	1
42	1	26	0
42	1	33	1
42	1	24	1
42	1	3	0
42	1	31	1
42	1	10	0
42	1	33	1
42	1	24	1
42	1	27	1
42	1	23	0
42	1	39	1
42	1	20	1
42	2	18	0
43	0	2	0
43	1	24	1
43	1	25	1
43	1	16	0
43	1	35	1
43	1	20	1
43	1	17	0
43	1	41	1
43	1	27	1
43	1	21	0
43	1	39	1
43	2	12	0
43	3	25	1
43	3	14	0
43	3	35	1
44	0	2	0
44	1	24	1
44	1	25	1
44	1	22	0
44	1	35	1
44	1	20	1
44	1	28	0
44	1	41	1
44	1	27	1
44	1	21	0
44	1	39	1
44	2	9	0
44	3	5	0
45	0	2	0
45	1	4	0
45	1	37	1
45	1	26	0
45	1	33	1
45	1	24	1
45	1	5	0
45	1	31	1
45	1	26	0
45	1	33	1
45	1	24	1
45	1	27	1
45	1	21	0
45	1	39	1
45	1	20	1
45	2	18	0
46	0	2	0
46	1	4	0
46	1	37	1
46	1	26	0
46	1	33	1
46	1	24	1
46	1	5	0
46	1	31	1
46	1	26	0
46	1	33	1
46	1	24	1
46	1	27	1
46	1	23	0
46	1	39	1
46	1	20	1
46	2	18	0
47	0	2	0
47	1	8	0
47	1	37	1
47	1	26	0
47	1	33	1
47	1	24	1
47	1	6	0
47	1	31	1
47	1	10	0
47	1	33	1
47	1	24	1
47	1	27	1
47	1	23	0
47	1	39	1
47	1	20	1
47	2	28	0
48	0	2	0
48	1	24	1
48	1	25	1
48	1	19	0
48	1	35	1
48	1	20	1
48	1	28	0
48	1	41	1
48	1	27	1
48	1	23	0
48	1	39	1
48	2	29	0
48	3	25	1
48	3	19	0
48	3	35	1
49	0	2	0
49	1	24	1
49	1	25	1
49	1	22	0
49	1	35	1
49	1	20	1
49	1	18	0
49	1	41	1
49	1	27	1
49	1	23	0
49	1	39	1
49	2	9	0
49	3	25	1
49	3	22	0
49	3	35	1
50	0	2	0
50	1	24	1
50	1	25	1
50	1	16	0
50	1	35	1
50	1	20	1
50	1	18	0
50	1	41	1
50	1	27	1
50	1	21	0
50	1	39	1
50	2	12	0
50	3	3	0
51	0	2	0
51	1	4	1
51	1	26	1
51	1	24	1
51	1	7	0
51	1	31	1
51	1	26	0
51	1	33	1
51	1	24	1
51	1	27	1
51	1	21	0
51	1	39	1
51	1	20	1
51	2	28	0
52	0	2	0
52	1	24	1
52	1	25	1
52	1	16	0
52	1	35	1
52	1	20	1
52	1	17	0
52	1	41	1
52	1	27	1
52	1	23	0
52	1	39	1
52	2	12	0
52	3	25	1
52	3	13	0
52	3	35	1
53	0	2	0
53	1	4	0
53	1	37	1
53	1	10	0
53	1	33	1
53	1	24	1
53	1	5	0
53	1	31	1
53	1	10	0
53	1	33	1
53	1	24	1
53	1	27	1
53	1	21	0
53	1	39	1
53	1	20	1
53	2	18	0
54	0	2	0
54	1	4	1
54	1	26	1
54	1	24	1
54	1	6	0
54	1	31	1
54	1	10	0
54	1	33	1
54	1	24	1
54	1	27	1
54	1	23	0
54	1	39	1
54	1	20	1
54	2	28	0
55	0	2	0
55	1	4	1
55	1	26	1
55	1	24	1
55	1	6	0
55	1	31	1
55	1	26	0
55	1	33	1
55	1	24	1
55	1	27	1
55	1	21	0
55	1	39	1
55	1	20	1
55	2	28	0
56	0	2	0
56	1	24	1
56	1	25	1
56	1	16	0
56	1	35	1
56	1	20	1
56	1	18	0
56	1	41	1
56	1	27	1
56	1	21	0
56	1	39	1
56	2	9	0
56	3	25	1
56	3	14	0
56	3	35	1
57	0	2	0
57	1	4	0
57	1	37	1
57	1	26	0
57	1	33	1
57	1	24	1
57	1	5	0
57	1	31	1
57	1	10	0
57	1	33	1
57	1	24	1
57	1	27	1
57	1	23	0
57	1	39	1
57	1	20	1
57	2	18	0
58	0	2	0
58	1	24	1
58	1	5	0
58	1	31	1
58	1	20	1
58	1	17	0
58	1	41	1
58	1	27	1
58	1	21	0
58	1	39	1
58	2	29	0
58	3	25	1
58	3	16	0
58	3	35	1
59	0	2	0
59	1	24	1
59	1	7	0
59	1	31	1
59	1	20	1
59	1	17	0
59	1	41	1
59	1	27	1
59	1	23	0
59	1	39	1
59	2	12	0
59	3	25	1
59	3	14	0
59	3	35	1
60	0	2	0
60	1	4	1
60	1	26	1
60	1	24	1
60	1	5	0
60	1	31	1
60	1	10	0
60	1	33	1
60	1	24	1
60	1	27	1
60	1	23	0
60	1	39	1
60	1	20	1
60	2	18	0
61	0	2	0
61	1	24	1
61	1	4	0
61	1	31	1
61	1	20	1
61	1	18	0
61	1	41	1
61	1	27	1
61	1	21	0
61	1	39	1
61	2	12	0
61	3	25	1
61	3	14	0
61	3	35	1
62	0	2	0
62	1	4	0
62	1	37	1
62	1	26	0
62	1	33	1
62	1	24	1
62	1	6	0
62	1	31	1
62	1	10	0
62	1	33	1
62	1	24	1
62	1	27	1
62	1	21	0
62	1	39	1
62	1	20	1
62	2	18	0
63	0	2	0
63	1	4	1
63	1	26	1
63	1	24	1
63	1	6	0
63	1	31	1
63	1	26	0
63	1	33	1
63	1	24	1
63	1	27	1
63	1	23	0
63	1	39	1
63	1	20	1
63	2	28	0
64	0	2	0
64	1	4	0
64	1	37	1
64	1	26	0
64	1	33	1
64	1	24	1
64	1	4	0
64	1	31	1
64	1	26	0
64	1	33	1
64	1	24	1
64	1	27	1
64	1	23	0
64	1	39	1
64	1	20	1
64	2	28	0
65	0	2	0
65	1	24	1
65	1	25	1
65	1	16	0
65	1	35	1
65	1	20	1
65	1	18	0
65	1	41	1
65	1	27	1
65	1	23	0
65	1	39	1
65	2	9	0
65	3	5	0
66	0	2	0
66	1	3	0
66	1	37	1
66	1	10	0
66	1	33	1
66	1	24	1
66	1	7	0
66	1	31	1
66	1	26	0
66	1	33	1
66	1	24	1
66	1	27	1
66	1	21	0
66	1	39	1
66	1	20	1
66	2	28	0
67	0	2	0
67	1	4	1
67	1	26	1
67	1	24	1
67	1	4	0
67	1	31	1
67	1	10	0
67	1	33	1
67	1	24	1
67	1	27	1
67	1	23	0
67	1	39	1
67	1	20	1
67	2	28	0
68	0	2	0
68	1	4	0
68	1	37	1
68	1	26	0
68	1	33	1
68	1	24	1
68	1	4	0
68	1	31	1
68	1	26	0
68	1	33	1
68	1	24	1
68	1	27	1
68	1	21	0
68	1	39	1
68	1	20	1
68	2	18	0
69	0	2	0
69	1	4	0
69	1	37	1
69	1	10	0
69	1	33	1
69	1	24	1
69	1	8	0
69	1	31	1
69	1	10	0
69	1	33	1
69	1	24	1
69	1	27	1
69	1	23	0
69	1	39	1
69	1	20	1
69	2	28	0
70	0	2	0
70	1	4	1
70	1	26	1
70	1	24	1
70	1	5	0
70	1	31	1
70	1	10	0
70	1	33	1
70	1	24	1
70	1	27	1
70	1	21	0
70	1	39	1
70	1	20	1
70	2	18	0
71	0	2	0
71	1	24	1
71	1	25	1
71	1	22	0
71	1	35	1
71	1	20	1
71	1	28	0
71	1	41	1
71	1	27	1
71	1	23	0
71	1	39	1
71	2	9	0
71	3	25	1
71	3	16	0
71	3	35	1
72	0	2	0
72	1	3	0
72	1	37	1
72	1	26	0
72	1	33	1
72	1	24	1
72	1	5	0
72	1	31	1
72	1	26	0
72	1	33	1
72	1	24	1
72	1	27	1
72	1	23	0
72	1	39	1
72	1	20	1
72	2	28	0
73	0	2	0
73	1	8	0
73	1	37	1
73	1	26	0
73	1	33	1
73	1	24	1
73	1	4	0
73	1	31	1
73	1	26	0
73	1	33	1
73	1	24	1
73	1	27	1
73	1	23	0
73	1	39	1
73	1	20	1
73	2	28	0
74	0	2	0
74	1	4	1
74	1	26	1
74	1	24	1
74	1	4	0
74	1	31	1
74	1	26	0
74	1	33	1
74	1	24	1
74	1	27	1
74	1	23	0
74	1	39	1
74	1	20	1
74	2	18	0
75	0	2	0
75	1	8	0
75	1	37	1
75	1	10	0
75	1	33	1
75	1	24	1
75	1	6	0
75	1	31	1
75	1	10	0
75	1	33	1
75	1	24	1
75	1	27	1
75	1	21	0
75	1	39	1
75	1	20	1
75	2	28	0
76	0	2	0
76	1	24	1
76	1	25	1
76	1	19	0
76	1	35	1
76	1	20	1
76	1	18	0
76	1	41	1
76	1	27	1
76	1	21	0
76	1	39	1
76	2	15	0
76	3	25	1
76	3	19	0
76	3	35	1
77	0	2	0
77	1	4	0
77	1	37	1
77	1	10	0
77	1	33	1
77	1	24	1
77	1	4	0
77	1	31	1
77	1	26	0
77	1	33	1
77	1	24	1
77	1	27	1
77	1	23	0
77	1	39	1
77	1	20	1
77	2	28	0
78	0	2	0
78	1	3	0
78	1	37	1
78	1	26	0
78	1	33	1
78	1	24	1
78	1	5	0
78	1	31	1
78	1	26	0
78	1	33	1
78	1	24	1
78	1	27	1
78	1	23	0
78	1	39	1
78	1	20	1
78	2	28	0
79	0	2	0
79	1	4	1
79	1	26	1
79	1	24	1
79	1	4	0
79	1	31	1
79	1	10	0
79	1	33	1
79	1	24	1
79	1	27	1
79	1	21	0
79	1	39	1
79	1	20	1
79	2	18	0
80	0	2	0
80	1	24	1
80	1	25	1
80	1	13	0
80	1	35	1
80	1	20	1
80	1	17	0
80	1	41	1
80	1	27	1
80	1	21	0
80	1	39	1
80	2	12	0
80	3	25	1
80	3	14	0
80	3	35	1
81	0	2	0
81	1	8	0
81	1	37	1
81	1	26	0
81	1	33	1
81	1	24	1
81	1	6	0
81	1	31	1
81	1	26	0
81	1	33	1
81	1	24	1
81	1	27	1
81	1	23	0
81	1	39	1
81	1	20	1
81	2	18	0
82	0	2	0
82	1	24	1
82	1	25	1
82	1	14	0
82	1	35	1
82	1	20	1
82	1	18	0
82	1	41	1
82	1	27	1
82	1	21	0
82	1	39	1
82	2	12	0
82	3	25	1
82	3	16	0
82	3	35	1
83	0	2	0
83	1	24	1
83	1	25	1
83	1	16	0
83	1	35	1
83	1	20	1
83	1	18	0
83	1	41	1
83	1	27	1
83	1	21	0
83	1	39	1
83	2	29	0
83	3	25	1
83	3	11	0
83	3	35	1
84	0	2	0
84	1	4	1
84	1	26	1
84	1	24	1
84	1	4	0
84	1	31	1
84	1	26	0
84	1	33	1
84	1	24	1
84	1	27	1
84	1	21	0
84	1	39	1
84	1	20	1
84	2	28	0
85	0	2	0
85	1	4	1
85	1	26	1
85	1	24	1
85	1	4	0
85	1	31	1
85	1	10	0
85	1	33	1
85	1	24	1
85	1	27	1
85	1	21	0
85	1	39	1
85	1	20	1
85	2	28	0
86	0	2	0
86	1	4	0
86	1	37	1
86	1	26	0
86	1	33	1
86	1	24	1
86	1	6	0
86	1	31	1
86	1	10	0
86	1	33	1
86	1	24	1
86	1	27	1
86	1	23	0
86	1	39	1
86	1	20	1
86	2	28	0
87	0	2	0
87	1	24	1
87	1	25	1
87	1	19	0
87	1	35	1
87	1	20	1
87	1	18	0
87	1	41	1
87	1	27	1
87	1	21	0
87	1	39	1
87	2	12	0
87	3	25	1
87	3	19	0
87	3	35	1
88	0	2	0
88	1	4	0
88	1	37	1
88	1	26	0
88	1	33	1
88	1	24	1
88	1	4	0
88	1	31	1
88	1	26	0
88	1	33	1
88	1	24	1
88	1	27	1
88	1	21	0
88	1	39	1
88	1	20	1
88	2	28	0
89	0	2	0
89	1	8	0
89	1	37	1
89	1	10	0
89	1	33	1
89	1	24	1
89	1	4	0
89	1	31	1
89	1	10	0
89	1	33	1
89	1	24	1
89	1	27	1
89	1	23	0
89	1	39	1
89	1	20	1
89	2	28	0
90	0	2	0
90	1	4	0
90	1	37	1
90	1	26	0
90	1	33	1
90	1	24	1
90	1	5	0
90	1	31	1
90	1	26	0
90	1	33	1
90	1	24	1
90	1	27	1
90	1	21	0
90	1	39	1
90	1	20	1
90	2	28	0
91	0	2	0
91	1	24	1
91	1	5	0
91	1	31	1
91	1	20	1
91	1	17	0
91	1	41	1
91	1	27	1
91	1	23	0
91	1	39	1
91	2	29	0
91	3	25	1
91	3	19	0
91	3	35	1
92	0	2	0
92	1	4	0
92	1	37	1
92	1	10	0
92	1	33	1
92	1	24	1
92	1	7	0
92	1	31	1
92	1	26	0
92	1	33	1
92	1	24	1
92	1	27	1
92	1	21	0
92	1	39	1
92	1	20	1
92	2	28	0
93	0	2	0
93	1	4	0
93	1	37	1
93	1	26	0
93	1	33	1
93	1	24	1
93	1	7	0
93	1	31	1
93	1	10	0
93	1	33	1
93	1	24	1
93	1	27	1
93	1	21	0
93	1	39	1
93	1	20	1
93	2	28	0
94	0	2	0
94	1	24	1
94	1	7	0
94	1	31	1
94	1	20	1
94	1	17	0
94	1	41	1
94	1	27	1
94	1	21	0
94	1	39	1
94	2	9	0
94	3	25	1
94	3	14	0
94	3	35	1
95	0	2	0
95	1	24	1
95	1	5	0
95	1	31	1
95	1	20	1
95	1	18	0
95	1	41	1
95	1	27	1
95	1	23	0
95	1	39	1
95	2	12	0
95	3	8	0
96	0	2	0
96	1	3	0
96	1	37	1
96	1	10	0
96	1	33	1
96	1	24	1
96	1	3	0
96	1	31	1
96	1	10	0
96	1	33	1
96	1	24	1
96	1	27	1
96	1	23	0
96	1	39	1
96	1	20	1
96	2	18	0
97	0	2	0
97	1	4	0
97	1	37	1
97	1	10	0
97	1	33	1
97	1	24	1
97	1	4	0
97	1	31	1
97	1	26	0
97	1	33	1
97	1	24	1
97	1	27	1
97	1	23	0
97	1	39	1
97	1	20	1
97	2	28	0
98	0	2	0
98	1	4	1
98	1	26	1
98	1	24	1
98	1	6	0
98	1	31	1
98	1	26	0
98	1	33	1
98	1	24	1
98	1	27	1
98	1	21	0
98	1	39	1
98	1	20	1
98	2	28	0
99	0	2	0
99	1	24	1
99	1	25	1
99	1	14	0
99	1	35	1
99	1	20	1
99	1	28	0
99	1	41	1
99	1	27	1
99	1	21	0
99	1	39	1
99	2	15	0
99	3	6	0
100	0	2	0
100	1	24	1
100	1	4	0
100	1	31	1
100	1	20	1
100	1	18	0
100	1	41	1
100	1	27	1
100	1	23	0
100	1	39	1
100	2	9	0
100	3	25	1
100	3	16	0
100	3	35	1
101	0	2	0
101	1	4	0
101	1	37	1
101	1	10	0
101	1	33	1
101	1	24	1
101	1	7	0
101	1	31	1
101	1	10	0
101	1	33	1
101	1	24	1
101	1	27	1
101	1	21	0
101	1	39	1
101	1	20	1
101	2	28	0
102	0	2	0
102	1	4	1
102	1	26	1
102	1	24	1
102	1	8	0
102	1	31	1
102	1	10	0
102	1	33	1
102	1	24	1
102	1	27	1
102	1	21	0
102	1	39	1
102	1	20	1
102	2	18	0
103	0	2	0
103	1	24	1
103	1	25	1
103	1	13	0
103	1	35	1
103	1	20	1
103	1	28	0
103	1	41	1
103	1	27	1
103	1	21	0
103	1	39	1
103	2	12	0
103	3	25	1
103	3	14	0
103	3	35	1
104	0	2	0
104	1	8	0
104	1	37	1
104	1	10	0
104	1	33	1
104	1	24	1
104	1	7	0
104	1	31	1
104	1	26	0
104	1	33	1
104	1	24	1
104	1	27	1
104	1	21	0
104	1	39	1
104	1	20	1
104	2	28	0
105	0	2	0
105	1	4	0
105	1	37	1
105	1	26	0
105	1	33	1
105	1	24	1
105	1	6	0
105	1	31	1
105	1	26	0
105	1	33	1
105	1	24	1
105	1	27	1
105	1	21	0
105	1	39	1
105	1	20	1
105	2	18	0
106	0	2	0
106	1	3	0
106	1	37	1
106	1	10	0
106	1	33	1
106	1	24	1
106	1	6	0
106	1	31	1
106	1	10	0
106	1	33	1
106	1	24	1
106	1	27	1
106	1	23	0
106	1	39	1
106	1	20	1
106	2	18	0
107	0	2	0
107	1	24	1
107	1	25	1
107	1	19	0
107	1	35	1
107	1	20	1
107	1	18	0
107	1	41	1
107	1	27	1
107	1	21	0
107	1	39	1
107	2	12	0
107	3	25	1
107	3	14	0
107	3	35	1
108	0	2	0
108	1	4	0
108	1	37	1
108	1	10	0
108	1	33	1
108	1	24	1
108	1	4	0
108	1	31	1
108	1	10	0
108	1	33	1
108	1	24	1
108	1	27	1
108	1	23	0
108	1	39	1
108	1	20	1
108	2	18	0
109	0	2	0
109	1	3	0
109	1	37	1
109	1	26	0
109	1	33	1
109	1	24	1
109	1	3	0
109	1	31	1
109	1	10	0
109	1	33	1
109	1	24	1
109	1	27	1
109	1	21	0
109	1	39	1
109	1	20	1
109	2	28	0
110	0	2	0
110	1	4	0
110	1	37	1
110	1	26	0
110	1	33	1
110	1	24	1
110	1	4	0
110	1	31	1
110	1	26	0
110	1	33	1
110	1	24	1
110	1	27	1
110	1	23	0
110	1	39	1
110	1	20	1
110	2	18	0
111	0	2	0
111	1	8	0
111	1	37	1
111	1	26	0
111	1	33	1
111	1	24	1
111	1	7	0
111	1	31	1
111	1	26	0
111	1	33	1
111	1	24	1
111	1	27	1
111	1	21	0
111	1	39	1
111	1	20	1
111	2	18	0
112	0	2	0
112	1	24	1
112	1	25	1
112	1	16	0
112	1	35	1
112	1	20	1
112	1	17	0
112	1	41	1
112	1	27	1
112	1	23	0
112	1	39	1
112	2	29	0
112	3	25	1
112	3	19	0
112	3	35	1
113	0	2	0
113	1	24	1
113	1	25	1
113	1	16	0
113	1	35	1
113	1	20	1
113	1	18	0
113	1	41	1
113	1	27	1
113	1	23	0
113	1	39	1
113	2	12	0
113	3	25	1
113	3	14	0
113	3	35	1
114	0	2	0
114	1	4	0
114	1	37	1
114	1	26	0
114	1	33	1
114	1	24	1
114	1	7	0
114	1	31	1
114	1	26	0
114	1	33	1
114	1	24	1
114	1	27	1
114	1	21	0
114	1	39	1
114	1	20	1
114	2	18	0
115	0	2	0
115	1	3	0
115	1	37	1
115	1	10	0
115	1	33	1
115	1	24	1
115	1	6	0
115	1	31	1
115	1	10	0
115	1	33	1
115	1	24	1
115	1	27	1
115	1	23	0
115	1	39	1
115	1	20	1
115	2	18	0
116	0	2	0
116	1	4	0
116	1	37	1
116	1	26	0
116	1	33	1
116	1	24	1
116	1	3	0
116	1	31	1
116	1	10	0
116	1	33	1
116	1	24	1
116	1	27	1
116	1	21	0
116	1	39	1
116	1	20	1
116	2	28	0
117	0	2	0
117	1	4	1
117	1	26	1
117	1	24	1
117	1	4	0
117	1	31	1
117	1	26	0
117	1	33	1
117	1	24	1
117	1	27	1
117	1	23	0
117	1	39	1
117	1	20	1
117	2	18	0
118	0	2	0
118	1	4	1
118	1	26	1
118	1	24	1
118	1	4	0
118	1	31	1
118	1	10	0
118	1	33	1
118	1	24	1
118	1	27	1
118	1	23	0
118	1	39	1
118	1	20	1
118	2	28	0
119	0	2	0
119	1	4	1
119	1	26	1
119	1	24	1
119	1	7	0
119	1	31	1
119	1	26	0
119	1	33	1
119	1	24	1
119	1	27	1
119	1	21	0
119	1	39	1
119	1	20	1
119	2	18	0
120	0	2	0
120	1	24	1
120	1	25	1
120	1	19	0
120	1	35	1
120	1	20	1
120	1	17	0
120	1	41	1
120	1	27	1
120	1	21	0
120	1	39	1
120	2	15	0
120	3	6	0
121	0	2	0
121	1	24	1
121	1	25	1
121	1	16	0
121	1	35	1
121	1	20	1
121	1	28	0
121	1	41	1
121	1	27	1
121	1	23	0
121	1	39	1
121	2	15	0
121	3	3	0
122	0	2	0
122	1	8	0
122	1	37	1
122	1	10	0
122	1	33	1
122	1	24	1
122	1	5	0
122	1	31	1
122	1	26	0
122	1	33	1
122	1	24	1
122	1	27	1
122	1	23	0
122	1	39	1
122	1	20	1
122	2	18	0
123	0	2	0
123	1	4	1
123	1	26	1
123	1	24	1
123	1	6	0
123	1	31	1
123	1	26	0
123	1	33	1
123	1	24	1
123	1	27	1
123	1	23	0
123	1	39	1
123	1	20	1
123	2	28	0
124	0	2	0
124	1	3	0
124	1	37	1
124	1	26	0
124	1	33	1
124	1	24	1
124	1	6	0
124	1	31	1
124	1	26	0
124	1	33	1
124	1	24	1
124	1	27	1
124	1	21	0
124	1	39	1
124	1	20	1
124	2	18	0
125	0	2	0
125	1	4	0
125	1	37	1
125	1	26	0
125	1	33	1
125	1	24	1
125	1	7	0
125	1	31	1
125	1	26	0
125	1	33	1
125	1	24	1
125	1	27	1
125	1	23	0
125	1	39	1
125	1	20	1
125	2	18	0
126	0	2	0
126	1	24	1
126	1	25	1
126	1	16	0
126	1	35	1
126	1	20	1
126	1	28	0
126	1	41	1
126	1	27	1
126	1	23	0
126	1	39	1
126	2	9	0
126	3	25	1
126	3	14	0
126	3	35	1
127	0	2	0
127	1	8	0
127	1	37	1
127	1	26	0
127	1	33	1
127	1	24	1
127	1	6	0
127	1	31	1
127	1	26	0
127	1	33	1
127	1	24	1
127	1	27	1
127	1	23	0
127	1	39	1
127	1	20	1
127	2	28	0
128	0	2	0
128	1	8	0
128	1	37	1
128	1	10	0
128	1	33	1
128	1	24	1
128	1	6	0
128	1	31	1
128	1	10	0
128	1	33	1
128	1	24	1
128	1	27	1
128	1	21	0
128	1	39	1
128	1	20	1
128	2	18	0
129	0	2	0
129	1	24	1
129	1	25	1
129	1	19	0
129	1	35	1
129	1	20	1
129	1	28	0
129	1	41	1
129	1	27	1
129	1	23	0
129	1	39	1
129	2	29	0
129	3	25	1
129	3	16	0
129	3	35	1
130	0	2	0
130	1	4	1
130	1	26	1
130	1	24	1
130	1	5	0
130	1	31	1
130	1	26	0
130	1	33	1
130	1	24	1
130	1	27	1
130	1	23	0
130	1	39	1
130	1	20	1
130	2	28	0
131	0	2	0
131	1	4	0
131	1	37	1
131	1	26	0
131	1	33	1
131	1	24	1
131	1	4	0
131	1	31	1
131	1	26	0
131	1	33	1
131	1	24	1
131	1	27	1
131	1	21	0
131	1	39	1
131	1	20	1
131	2	18	0
132	0	2	0
132	1	4	0
132	1	37	1
132	1	26	0
132	1	33	1
132	1	24	1
132	1	7	0
132	1	31	1
132	1	26	0
132	1	33	1
132	1	24	1
132	1	27	1
132	1	21	0
132	1	39	1
132	1	20	1
132	2	28	0
133	0	2	0
133	1	24	1
133	1	25	1
133	1	14	0
133	1	35	1
133	1	20	1
133	1	18	0
133	1	41	1
133	1	27	1
133	1	21	0
133	1	39	1
133	2	29	0
133	3	3	0
134	0	2	0
134	1	24	1
134	1	25	1
134	1	19	0
134	1	35	1
134	1	20	1
134	1	18	0
134	1	41	1
134	1	27	1
134	1	23	0
134	1	39	1
134	2	12	0
134	3	25	1
134	3	14	0
134	3	35	1
135	0	2	0
135	1	3	0
135	1	37	1
135	1	10	0
135	1	33	1
135	1	24	1
135	1	4	0
135	1	31	1
135	1	10	0
135	1	33	1
135	1	24	1
135	1	27	1
135	1	21	0
135	1	39	1
135	1	20	1
135	2	18	0
136	0	2	0
136	1	4	0
136	1	37	1
136	1	26	0
136	1	33	1
136	1	24	1
136	1	7	0
136	1	31	1
136	1	26	0
136	1	33	1
136	1	24	1
136	1	27	1
136	1	21	0
136	1	39	1
136	1	20	1
136	2	28	0
137	0	2	0
137	1	24	1
137	1	25	1
137	1	14	0
137	1	35	1
137	1	20	1
137	1	28	0
137	1	41	1
137	1	27	1
137	1	21	0
137	1	39	1
137	2	15	0
137	3	25	1
137	3	11	0
137	3	35	1
138	0	2	0
138	1	4	0
138	1	37	1
138	1	26	0
138	1	33	1
138	1	24	1
138	1	4	0
138	1	31	1
138	1	10	0
138	1	33	1
138	1	24	1
138	1	27	1
138	1	23	0
138	1	39	1
138	1	20	1
138	2	28	0
139	0	2	0
139	1	8	0
139	1	37	1
139	1	26	0
139	1	33	1
139	1	24	1
139	1	5	0
139	1	31	1
139	1	10	0
139	1	33	1
139	1	24	1
139	1	27	1
139	1	23	0
139	1	39	1
139	1	20	1
139	2	18	0
140	0	2	0
140	1	24	1
140	1	25	1
140	1	22	0
140	1	35	1
140	1	20	1
140	1	28	0
140	1	41	1
140	1	27	1
140	1	23	0
140	1	39	1
140	2	15	0
140	3	25	1
140	3	19	0
140	3	35	1
141	0	2	0
141	1	24	1
141	1	25	1
141	1	14	0
141	1	35	1
141	1	20	1
141	1	18	0
141	1	41	1
141	1	27	1
141	1	21	0
141	1	39	1
141	2	15	0
141	3	25	1
141	3	14	0
141	3	35	1
142	0	2	0
142	1	24	1
142	1	8	0
142	1	31	1
142	1	20	1
142	1	18	0
142	1	41	1
142	1	27	1
142	1	23	0
142	1	39	1
142	2	15	0
142	3	8	0
143	0	2	0
143	1	24	1
143	1	8	0
143	1	31	1
143	1	20	1
143	1	17	0
143	1	41	1
143	1	27	1
143	1	21	0
143	1	39	1
143	2	9	0
143	3	25	1
143	3	19	0
143	3	35	1
144	0	2	0
144	1	8	0
144	1	37	1
144	1	26	0
144	1	33	1
144	1	24	1
144	1	4	0
144	1	31	1
144	1	26	0
144	1	33	1
144	1	24	1
144	1	27	1
144	1	23	0
144	1	39	1
144	1	20	1
144	2	28	0
145	0	2	0
145	1	4	1
145	1	26	1
145	1	24	1
145	1	5	0
145	1	31	1
145	1	10	0
145	1	33	1
145	1	24	1
145	1	27	1
145	1	23	0
145	1	39	1
145	1	20	1
145	2	28	0
146	0	2	0
146	1	4	0
146	1	37	1
146	1	26	0
146	1	33	1
146	1	24	1
146	1	4	0
146	1	31	1
146	1	10	0
146	1	33	1
146	1	24	1
146	1	27	1
146	1	21	0
146	1	39	1
146	1	20	1
146	2	18	0
147	0	2	0
147	1	4	0
147	1	37	1
147	1	26	0
147	1	33	1
147	1	24	1
147	1	4	0
147	1	31	1
147	1	26	0
147	1	33	1
147	1	24	1
147	1	27	1
147	1	23	0
147	1	39	1
147	1	20	1
147	2	28	0
148	0	2	0
148	1	4	1
148	1	26	1
148	1	24	1
148	1	4	0
148	1	31	1
148	1	10	0
148	1	33	1
148	1	24	1
148	1	27	1
148	1	21	0
148	1	39	1
148	1	20	1
148	2	18	0
149	0	2	0
149	1	4	0
149	1	37	1
149	1	26	0
149	1	33	1
149	1	24	1
149	1	6	0
149	1	31	1
149	1	26	0
149	1	33	1
149	1	24	1
149	1	27	1
149	1	21	0
149	1	39	1
149	1	20	1
149	2	28	0
150	0	2	0
150	1	24	1
150	1	6	0
150	1	31	1
150	1	20	1
150	1	18	0
150	1	41	1
150	1	27	1
150	1	21	0
150	1	39	1
150	2	29	0
150	3	5	0
151	0	2	0
151	1	3	0
151	1	37	1
151	1	10	0
151	1	33	1
151	1	24	1
151	1	3	0
151	1	31	1
151	1	26	0
151	1	33	1
151	1	24	1
151	1	27	1
151	1	23	0
151	1	39	1
151	1	20	1
151	2	28	0
152	0	2	0
152	1	8	0
152	1	37	1
152	1	26	0
152	1	33	1
152	1	24	1
152	1	8	0
152	1	31	1
152	1	10	0
152	1	33	1
152	1	24	1
152	1	27	1
152	1	21	0
152	1	39	1
152	1	20	1
152	2	28	0
153	0	2	0
153	1	4	0
153	1	37	1
153	1	26	0
153	1	33	1
153	1	24	1
153	1	6	0
153	1	31	1
153	1	26	0
153	1	33	1
153	1	24	1
153	1	27	1
153	1	21	0
153	1	39	1
153	1	20	1
153	2	28	0
154	0	2	0
154	1	4	1
154	1	26	1
154	1	24	1
154	1	4	0
154	1	31	1
154	1	26	0
154	1	33	1
154	1	24	1
154	1	27	1
154	1	21	0
154	1	39	1
154	1	20	1
154	2	28	0
155	0	2	0
155	1	8	0
155	1	37	1
155	1	26	0
155	1	33	1
155	1	24	1
155	1	5	0
155	1	31	1
155	1	10	0
155	1	33	1
155	1	24	1
155	1	27	1
155	1	23	0
155	1	39	1
155	1	20	1
155	2	18	0
156	0	2	0
156	1	24	1
156	1	25	1
156	1	13	0
156	1	35	1
156	1	20	1
156	1	28	0
156	1	41	1
156	1	27	1
156	1	23	0
156	1	39	1
156	2	15	0
156	3	7	0
157	0	2	0
157	1	4	0
157	1	37	1
157	1	26	0
157	1	33	1
157	1	24	1
157	1	4	0
157	1	31	1
157	1	10	0
157	1	33	1
157	1	24	1
157	1	27	1
157	1	21	0
157	1	39	1
157	1	20	1
157	2	18	0
158	0	2	0
158	1	3	0
158	1	37	1
158	1	26	0
158	1	33	1
158	1	24	1
158	1	4	0
158	1	31	1
158	1	10	0
158	1	33	1
158	1	24	1
158	1	27	1
158	1	21	0
158	1	39	1
158	1	20	1
158	2	28	0
159	0	2	0
159	1	8	0
159	1	37	1
159	1	10	0
159	1	33	1
159	1	24	1
159	1	4	0
159	1	31	1
159	1	10	0
159	1	33	1
159	1	24	1
159	1	27	1
159	1	21	0
159	1	39	1
159	1	20	1
159	2	28	0
160	0	2	0
160	1	4	0
160	1	37	1
160	1	26	0
160	1	33	1
160	1	24	1
160	1	4	0
160	1	31	1
160	1	26	0
160	1	33	1
160	1	24	1
160	1	27	1
160	1	21	0
160	1	39	1
160	1	20	1
160	2	28	0
161	0	2	0
161	1	4	0
161	1	37	1
161	1	10	0
161	1	33	1
161	1	24	1
161	1	5	0
161	1	31	1
161	1	10	0
161	1	33	1
161	1	24	1
161	1	27	1
161	1	21	0
161	1	39	1
161	1	20	1
161	2	28	0
162	0	2	0
162	1	8	0
162	1	37	1
162	1	26	0
162	1	33	1
162	1	24	1
162	1	4	0
162	1	31	1
162	1	10	0
162	1	33	1
162	1	24	1
162	1	27	1
162	1	21	0
162	1	39	1
162	1	20	1
162	2	28	0
163	0	2	0
163	1	8	0
163	1	37	1
163	1	26	0
163	1	33	1
163	1	24	1
163	1	5	0
163	1	31	1
163	1	26	0
163	1	33	1
163	1	24	1
163	1	27	1
163	1	21	0
163	1	39	1
163	1	20	1
163	2	28	0
164	0	2	0
164	1	4	0
164	1	37	1
164	1	10	0
164	1	33	1
164	1	24	1
164	1	6	0
164	1	31	1
164	1	26	0
164	1	33	1
164	1	24	1
164	1	27	1
164	1	21	0
164	1	39	1
164	1	20	1
164	2	28	0
165	0	2	0
165	1	8	0
165	1	37	1
165	1	26	0
165	1	33	1
165	1	24	1
165	1	5	0
165	1	31	1
165	1	10	0
165	1	33	1
165	1	24	1
165	1	27	1
165	1	23	0
165	1	39	1
165	1	20	1
165	2	28	0
166	0	2	0
166	1	24	1
166	1	25	1
166	1	19	0
166	1	35	1
166	1	20	1
166	1	18	0
166	1	41	1
166	1	27	1
166	1	23	0
166	1	39	1
166	2	9	0
166	3	25	1
166	3	22	0
166	3	35	1
167	0	2	0
167	1	4	0
167	1	37	1
167	1	26	0
167	1	33	1
167	1	24	1
167	1	4	0
167	1	31	1
167	1	26	0
167	1	33	1
167	1	24	1
167	1	27	1
167	1	21	0
167	1	39	1
167	1	20	1
167	2	28	0
168	0	2	0
168	1	24	1
168	1	25	1
168	1	16	0
168	1	35	1
168	1	20	1
168	1	17	0
168	1	41	1
168	1	27	1
168	1	21	0
168	1	39	1
168	2	15	0
168	3	25	1
168	3	13	0
168	3	35	1
169	0	2	0
169	1	4	1
169	1	26	1
169	1	24	1
169	1	4	0
169	1	31	1
169	1	10	0
169	1	33	1
169	1	24	1
169	1	27	1
169	1	23	0
169	1	39	1
169	1	20	1
169	2	28	0
170	0	2	0
170	1	4	1
170	1	26	1
170	1	24	1
170	1	3	0
170	1	31	1
170	1	26	0
170	1	33	1
170	1	24	1
170	1	27	1
170	1	23	0
170	1	39	1
170	1	20	1
170	2	18	0
171	0	2	0
171	1	24	1
171	1	3	0
171	1	31	1
171	1	20	1
171	1	28	0
171	1	41	1
171	1	27	1
171	1	21	0
171	1	39	1
171	2	12	0
171	3	25	1
171	3	13	0
171	3	35	1
172	0	2	0
172	1	24	1
172	1	25	1
172	1	16	0
172	1	35	1
172	1	20	1
172	1	17	0
172	1	41	1
172	1	27	1
172	1	23	0
172	1	39	1
172	2	12	0
172	3	25	1
172	3	14	0
172	3	35	1
173	0	2	0
173	1	8	0
173	1	37	1
173	1	26	0
173	1	33	1
173	1	24	1
173	1	6	0
173	1	31	1
173	1	26	0
173	1	33	1
173	1	24	1
173	1	27	1
173	1	23	0
173	1	39	1
173	1	20	1
173	2	18	0
174	0	2	0
174	1	24	1
174	1	4	0
174	1	31	1
174	1	20	1
174	1	18	0
174	1	41	1
174	1	27	1
174	1	23	0
174	1	39	1
174	2	29	0
174	3	25	1
174	3	16	0
174	3	35	1
175	0	2	0
175	1	24	1
175	1	3	0
175	1	31	1
175	1	20	1
175	1	28	0
175	1	41	1
175	1	27	1
175	1	21	0
175	1	39	1
175	2	12	0
175	3	6	0
176	0	2	0
176	1	24	1
176	1	25	1
176	1	13	0
176	1	35	1
176	1	20	1
176	1	18	0
176	1	41	1
176	1	27	1
176	1	21	0
176	1	39	1
176	2	15	0
176	3	25	1
176	3	14	0
176	3	35	1
177	0	2	0
177	1	24	1
177	1	25	1
177	1	16	0
177	1	35	1
177	1	20	1
177	1	18	0
177	1	41	1
177	1	27	1
177	1	21	0
177	1	39	1
177	2	15	0
177	3	25	1
177	3	13	0
177	3	35	1
178	0	2	0
178	1	24	1
178	1	7	0
178	1	31	1
178	1	20	1
178	1	18	0
178	1	41	1
178	1	27	1
178	1	21	0
178	1	39	1
178	2	9	0
178	3	25	1
178	3	19	0
178	3	35	1
179	0	2	0
179	1	4	0
179	1	37	1
179	1	26	0
179	1	33	1
179	1	24	1
179	1	3	0
179	1	31	1
179	1	26	0
179	1	33	1
179	1	24	1
179	1	27	1
179	1	23	0
179	1	39	1
179	1	20	1
179	2	18	0
180	0	2	0
180	1	4	0
180	1	37	1
180	1	10	0
180	1	33	1
180	1	24	1
180	1	6	0
180	1	31	1
180	1	26	0
180	1	33	1
180	1	24	1
180	1	27	1
180	1	23	0
180	1	39	1
180	1	20	1
180	2	18	0
181	0	2	0
181	1	4	0
181	1	37	1
181	1	10	0
181	1	33	1
181	1	24	1
181	1	3	0
181	1	31	1
181	1	26	0
181	1	33	1
181	1	24	1
181	1	27	1
181	1	23	0
181	1	39	1
181	1	20	1
181	2	28	0
182	0	2	0
182	1	4	0
182	1	37	1
182	1	26	0
182	1	33	1
182	1	24	1
182	1	7	0
182	1	31	1
182	1	26	0
182	1	33	1
182	1	24	1
182	1	27	1
182	1	23	0
182	1	39	1
182	1	20	1
182	2	28	0
183	0	2	0
183	1	4	0
183	1	37	1
183	1	10	0
183	1	33	1
183	1	24	1
183	1	3	0
183	1	31	1
183	1	10	0
183	1	33	1
183	1	24	1
183	1	27	1
183	1	21	0
183	1	39	1
183	1	20	1
183	2	18	0
184	0	2	0
184	1	24	1
184	1	25	1
184	1	14	0
184	1	35	1
184	1	20	1
184	1	18	0
184	1	41	1
184	1	27	1
184	1	23	0
184	1	39	1
184	2	12	0
184	3	4	0
185	0	2	0
185	1	24	1
185	1	7	0
185	1	31	1
185	1	20	1
185	1	18	0
185	1	41	1
185	1	27	1
185	1	21	0
185	1	39	1
185	2	9	0
185	3	5	0
186	0	2	0
186	1	24	1
186	1	25	1
186	1	11	0
186	1	35	1
186	1	20	1
186	1	17	0
186	1	41	1
186	1	27	1
186	1	21	0
186	1	39	1
186	2	9	0
186	3	3	0
187	0	2	0
187	1	24	1
187	1	25	1
187	1	22	0
187	1	35	1
187	1	20	1
187	1	17	0
187	1	41	1
187	1	27	1
187	1	21	0
187	1	39	1
187	2	15	0
187	3	25	1
187	3	13	0
187	3	35	1
188	0	2	0
188	1	4	0
188	1	37	1
188	1	26	0
188	1	33	1
188	1	24	1
188	1	3	0
188	1	31	1
188	1	26	0
188	1	33	1
188	1	24	1
188	1	27	1
188	1	23	0
188	1	39	1
188	1	20	1
188	2	28	0
189	0	2	0
189	1	24	1
189	1	25	1
189	1	13	0
189	1	35	1
189	1	20	1
189	1	18	0
189	1	41	1
189	1	27	1
189	1	23	0
189	1	39	1
189	2	15	0
189	3	7	0
190	0	2	0
190	1	24	1
190	1	7	0
190	1	31	1
190	1	20	1
190	1	17	0
190	1	41	1
190	1	27	1
190	1	23	0
190	1	39	1
190	2	29	0
190	3	25	1
190	3	19	0
190	3	35	1
191	0	2	0
191	1	24	1
191	1	7	0
191	1	31	1
191	1	20	1
191	1	28	0
191	1	41	1
191	1	27	1
191	1	21	0
191	1	39	1
191	2	15	0
191	3	25	1
191	3	19	0
191	3	35	1
192	0	2	0
192	1	8	0
192	1	37	1
192	1	10	0
192	1	33	1
192	1	24	1
192	1	4	0
192	1	31	1
192	1	10	0
192	1	33	1
192	1	24	1
192	1	27	1
192	1	23	0
192	1	39	1
192	1	20	1
192	2	18	0
193	0	2	0
193	1	3	0
193	1	37	1
193	1	26	0
193	1	33	1
193	1	24	1
193	1	4	0
193	1	31	1
193	1	10	0
193	1	33	1
193	1	24	1
193	1	27	1
193	1	23	0
193	1	39	1
193	1	20	1
193	2	18	0
194	0	2	0
194	1	24	1
194	1	7	0
194	1	31	1
194	1	20	1
194	1	17	0
194	1	41	1
194	1	27	1
194	1	23	0
194	1	39	1
194	2	15	0
194	3	25	1
194	3	19	0
194	3	35	1
195	0	2	0
195	1	24	1
195	1	25	1
195	1	14	0
195	1	35	1
195	1	20	1
195	1	18	0
195	1	41	1
195	1	27	1
195	1	21	0
195	1	39	1
195	2	12	0
195	3	25	1
195	3	14	0
195	3	35	1
196	0	2	0
196	1	24	1
196	1	25	1
196	1	16	0
196	1	35	1
196	1	20	1
196	1	18	0
196	1	41	1
196	1	27	1
196	1	23	0
196	1	39	1
196	2	15	0
196	3	25	1
196	3	13	0
196	3	35	1
197	0	2	0
197	1	3	0
197	1	37	1
197	1	10	0
197	1	33	1
197	1	24	1
197	1	4	0
197	1	31	1
197	1	26	0
197	1	33	1
197	1	24	1
197	1	27	1
197	1	21	0
197	1	39	1
197	1	20	1
197	2	18	0
198	0	2	0
198	1	24	1
198	1	25	1
198	1	19	0
198	1	35	1
198	1	20	1
198	1	18	0
198	1	41	1
198	1	27	1
198	1	21	0
198	1	39	1
198	2	12	0
198	3	5	0
199	0	2	0
199	1	24	1
199	1	6	0
199	1	31	1
199	1	20	1
199	1	18	0
199	1	41	1
199	1	27	1
199	1	21	0
199	1	39	1
199	2	15	0
199	3	6	0
200	0	2	0
200	1	24	1
200	1	25	1
200	1	22	0
200	1	35	1
200	1	20	1
200	1	28	0
200	1	41	1
200	1	27	1
200	1	21	0
200	1	39	1
200	2	12	0
200	3	25	1
200	3	11	0
200	3	35	1
201	0	2	0
201	1	24	1
201	1	6	0
201	1	31	1
201	1	20	1
201	1	18	0
201	1	41	1
201	1	27	1
201	1	21	0
201	1	39	1
201	2	12	0
201	3	25	1
201	3	14	0
201	3	35	1
202	0	2	0
202	1	24	1
202	1	25	1
202	1	13	0
202	1	35	1
202	1	20	1
202	1	18	0
202	1	41	1
202	1	27	1
202	1	21	0
202	1	39	1
202	2	15	0
202	3	25	1
202	3	11	0
202	3	35	1
203	0	2	0
203	1	4	0
203	1	37	1
203	1	10	0
203	1	33	1
203	1	24	1
203	1	5	0
203	1	31	1
203	1	10	0
203	1	33	1
203	1	24	1
203	1	27	1
203	1	23	0
203	1	39	1
203	1	20	1
203	2	28	0
204	0	2	0
204	1	8	0
204	1	37	1
204	1	26	0
204	1	33	1
204	1	24	1
204	1	8	0
204	1	31	1
204	1	26	0
204	1	33	1
204	1	24	1
204	1	27	1
204	1	21	0
204	1	39	1
204	1	20	1
204	2	28	0
205	0	2	0
205	1	4	1
205	1	26	1
205	1	24	1
205	1	3	0
205	1	31	1
205	1	26	0
205	1	33	1
205	1	24	1
205	1	27	1
205	1	21	0
205	1	39	1
205	1	20	1
205	2	18	0
206	0	2	0
206	1	8	0
206	1	37	1
206	1	10	0
206	1	33	1
206	1	24	1
206	1	5	0
206	1	31	1
206	1	26	0
206	1	33	1
206	1	24	1
206	1	27	1
206	1	23	0
206	1	39	1
206	1	20	1
206	2	28	0
207	0	2	0
207	1	4	1
207	1	26	1
207	1	24	1
207	1	7	0
207	1	31	1
207	1	26	0
207	1	33	1
207	1	24	1
207	1	27	1
207	1	21	0
207	1	39	1
207	1	20	1
207	2	18	0
208	0	2	0
208	1	24	1
208	1	25	1
208	1	19	0
208	1	35	1
208	1	20	1
208	1	18	0
208	1	41	1
208	1	27	1
208	1	23	0
208	1	39	1
208	2	12	0
208	3	25	1
208	3	13	0
208	3	35	1
209	0	2	0
209	1	24	1
209	1	25	1
209	1	19	0
209	1	35	1
209	1	20	1
209	1	18	0
209	1	41	1
209	1	27	1
209	1	21	0
209	1	39	1
209	2	12	0
209	3	25	1
209	3	11	0
209	3	35	1
210	0	2	0
210	1	24	1
210	1	25	1
210	1	19	0
210	1	35	1
210	1	20	1
210	1	18	0
210	1	41	1
210	1	27	1
210	1	23	0
210	1	39	1
210	2	15	0
210	3	25	1
210	3	22	0
210	3	35	1
211	0	2	0
211	1	4	1
211	1	26	1
211	1	24	1
211	1	7	0
211	1	31	1
211	1	26	0
211	1	33	1
211	1	24	1
211	1	27	1
211	1	23	0
211	1	39	1
211	1	20	1
211	2	28	0
212	0	2	0
212	1	4	0
212	1	37	1
212	1	26	0
212	1	33	1
212	1	24	1
212	1	6	0
212	1	31	1
212	1	26	0
212	1	33	1
212	1	24	1
212	1	27	1
212	1	23	0
212	1	39	1
212	1	20	1
212	2	28	0
213	0	2	0
213	1	4	1
213	1	26	1
213	1	24	1
213	1	6	0
213	1	31	1
213	1	10	0
213	1	33	1
213	1	24	1
213	1	27	1
213	1	23	0
213	1	39	1
213	1	20	1
213	2	28	0
214	0	2	0
214	1	4	1
214	1	26	1
214	1	24	1
214	1	6	0
214	1	31	1
214	1	10	0
214	1	33	1
214	1	24	1
214	1	27	1
214	1	21	0
214	1	39	1
214	1	20	1
214	2	18	0
215	0	2	0
215	1	3	0
215	1	37	1
215	1	26	0
215	1	33	1
215	1	24	1
215	1	7	0
215	1	31	1
215	1	26	0
215	1	33	1
215	1	24	1
215	1	27	1
215	1	21	0
215	1	39	1
215	1	20	1
215	2	18	0
216	0	2	0
216	1	4	1
216	1	26	1
216	1	24	1
216	1	6	0
216	1	31	1
216	1	10	0
216	1	33	1
216	1	24	1
216	1	27	1
216	1	21	0
216	1	39	1
216	1	20	1
216	2	28	0
217	0	2	0
217	1	24	1
217	1	25	1
217	1	19	0
217	1	35	1
217	1	20	1
217	1	17	0
217	1	41	1
217	1	27	1
217	1	21	0
217	1	39	1
217	2	12	0
217	3	7	0
218	0	2	0
218	1	4	0
218	1	37	1
218	1	10	0
218	1	33	1
218	1	24	1
218	1	4	0
218	1	31	1
218	1	26	0
218	1	33	1
218	1	24	1
218	1	27	1
218	1	23	0
218	1	39	1
218	1	20	1
218	2	18	0
219	0	2	0
219	1	24	1
219	1	25	1
219	1	13	0
219	1	35	1
219	1	20	1
219	1	18	0
219	1	41	1
219	1	27	1
219	1	23	0
219	1	39	1
219	2	29	0
219	3	6	0
220	0	2	0
220	1	4	1
220	1	26	1
220	1	24	1
220	1	8	0
220	1	31	1
220	1	10	0
220	1	33	1
220	1	24	1
220	1	27	1
220	1	21	0
220	1	39	1
220	1	20	1
220	2	18	0
221	0	2	0
221	1	24	1
221	1	25	1
221	1	16	0
221	1	35	1
221	1	20	1
221	1	18	0
221	1	41	1
221	1	27	1
221	1	23	0
221	1	39	1
221	2	29	0
221	3	25	1
221	3	13	0
221	3	35	1
222	0	2	0
222	1	4	1
222	1	26	1
222	1	24	1
222	1	6	0
222	1	31	1
222	1	26	0
222	1	33	1
222	1	24	1
222	1	27	1
222	1	23	0
222	1	39	1
222	1	20	1
222	2	28	0
223	0	2	0
223	1	24	1
223	1	25	1
223	1	19	0
223	1	35	1
223	1	20	1
223	1	28	0
223	1	41	1
223	1	27	1
223	1	21	0
223	1	39	1
223	2	12	0
223	3	4	0
224	0	2	0
224	1	4	0
224	1	37	1
224	1	26	0
224	1	33	1
224	1	24	1
224	1	7	0
224	1	31	1
224	1	26	0
224	1	33	1
224	1	24	1
224	1	27	1
224	1	21	0
224	1	39	1
224	1	20	1
224	2	18	0
225	0	2	0
225	1	24	1
225	1	3	0
225	1	31	1
225	1	20	1
225	1	28	0
225	1	41	1
225	1	27	1
225	1	21	0
225	1	39	1
225	2	15	0
225	3	25	1
225	3	13	0
225	3	35	1
226	0	2	0
226	1	4	0
226	1	37	1
226	1	10	0
226	1	33	1
226	1	24	1
226	1	5	0
226	1	31	1
226	1	26	0
226	1	33	1
226	1	24	1
226	1	27	1
226	1	21	0
226	1	39	1
226	1	20	1
226	2	28	0
227	0	2	0
227	1	4	0
227	1	37	1
227	1	26	0
227	1	33	1
227	1	24	1
227	1	6	0
227	1	31	1
227	1	10	0
227	1	33	1
227	1	24	1
227	1	27	1
227	1	23	0
227	1	39	1
227	1	20	1
227	2	28	0
228	0	2	0
228	1	24	1
228	1	7	0
228	1	31	1
228	1	20	1
228	1	18	0
228	1	41	1
228	1	27	1
228	1	21	0
228	1	39	1
228	2	15	0
228	3	25	1
228	3	14	0
228	3	35	1
229	0	2	0
229	1	4	0
229	1	37	1
229	1	26	0
229	1	33	1
229	1	24	1
229	1	3	0
229	1	31	1
229	1	26	0
229	1	33	1
229	1	24	1
229	1	27	1
229	1	21	0
229	1	39	1
229	1	20	1
229	2	28	0
230	0	2	0
230	1	24	1
230	1	25	1
230	1	19	0
230	1	35	1
230	1	20	1
230	1	18	0
230	1	41	1
230	1	27	1
230	1	21	0
230	1	39	1
230	2	29	0
230	3	25	1
230	3	14	0
230	3	35	1
231	0	2	0
231	1	4	0
231	1	37	1
231	1	10	0
231	1	33	1
231	1	24	1
231	1	4	0
231	1	31	1
231	1	26	0
231	1	33	1
231	1	24	1
231	1	27	1
231	1	21	0
231	1	39	1
231	1	20	1
231	2	18	0
232	0	2	0
232	1	3	0
232	1	37	1
232	1	26	0
232	1	33	1
232	1	24	1
232	1	5	0
232	1	31	1
232	1	10	0
232	1	33	1
232	1	24	1
232	1	27	1
232	1	21	0
232	1	39	1
232	1	20	1
232	2	18	0
233	0	2	0
233	1	8	0
233	1	37	1
233	1	10	0
233	1	33	1
233	1	24	1
233	1	4	0
233	1	31	1
233	1	10	0
233	1	33	1
233	1	24	1
233	1	27	1
233	1	21	0
233	1	39	1
233	1	20	1
233	2	18	0
234	0	2	0
234	1	24	1
234	1	25	1
234	1	22	0
234	1	35	1
234	1	20	1
234	1	18	0
234	1	41	1
234	1	27	1
234	1	23	0
234	1	39	1
234	2	15	0
234	3	25	1
234	3	16	0
234	3	35	1
235	0	2	0
235	1	4	0
235	1	37	1
235	1	10	0
235	1	33	1
235	1	24	1
235	1	3	0
235	1	31	1
235	1	26	0
235	1	33	1
235	1	24	1
235	1	27	1
235	1	23	0
235	1	39	1
235	1	20	1
235	2	18	0
236	0	2	0
236	1	3	0
236	1	37	1
236	1	26	0
236	1	33	1
236	1	24	1
236	1	4	0
236	1	31	1
236	1	26	0
236	1	33	1
236	1	24	1
236	1	27	1
236	1	23	0
236	1	39	1
236	1	20	1
236	2	28	0
237	0	2	0
237	1	4	0
237	1	37	1
237	1	10	0
237	1	33	1
237	1	24	1
237	1	7	0
237	1	31	1
237	1	26	0
237	1	33	1
237	1	24	1
237	1	27	1
237	1	23	0
237	1	39	1
237	1	20	1
237	2	18	0
238	0	2	0
238	1	24	1
238	1	5	0
238	1	31	1
238	1	20	1
238	1	17	0
238	1	41	1
238	1	27	1
238	1	23	0
238	1	39	1
238	2	15	0
238	3	25	1
238	3	13	0
238	3	35	1
239	0	2	0
239	1	4	1
239	1	26	1
239	1	24	1
239	1	6	0
239	1	31	1
239	1	10	0
239	1	33	1
239	1	24	1
239	1	27	1
239	1	21	0
239	1	39	1
239	1	20	1
239	2	28	0
240	0	2	0
240	1	4	1
240	1	26	1
240	1	24	1
240	1	6	0
240	1	31	1
240	1	10	0
240	1	33	1
240	1	24	1
240	1	27	1
240	1	23	0
240	1	39	1
240	1	20	1
240	2	28	0
241	0	2	0
241	1	4	1
241	1	26	1
241	1	24	1
241	1	7	0
241	1	31	1
241	1	10	0
241	1	33	1
241	1	24	1
241	1	27	1
241	1	23	0
241	1	39	1
241	1	20	1
241	2	28	0
242	0	2	0
242	1	24	1
242	1	25	1
242	1	11	0
242	1	35	1
242	1	20	1
242	1	18	0
242	1	41	1
242	1	27	1
242	1	21	0
242	1	39	1
242	2	15	0
242	3	25	1
242	3	16	0
242	3	35	1
243	0	2	0
243	1	24	1
243	1	25	1
243	1	14	0
243	1	35	1
243	1	20	1
243	1	17	0
243	1	41	1
243	1	27	1
243	1	23	0
243	1	39	1
243	2	9	0
243	3	25	1
243	3	13	0
243	3	35	1
244	0	2	0
244	1	4	1
244	1	26	1
244	1	24	1
244	1	5	0
244	1	31	1
244	1	26	0
244	1	33	1
244	1	24	1
244	1	27	1
244	1	21	0
244	1	39	1
244	1	20	1
244	2	28	0
245	0	2	0
245	1	4	0
245	1	37	1
245	1	10	0
245	1	33	1
245	1	24	1
245	1	3	0
245	1	31	1
245	1	26	0
245	1	33	1
245	1	24	1
245	1	27	1
245	1	23	0
245	1	39	1
245	1	20	1
245	2	28	0
246	0	2	0
246	1	8	0
246	1	37	1
246	1	26	0
246	1	33	1
246	1	24	1
246	1	4	0
246	1	31	1
246	1	10	0
246	1	33	1
246	1	24	1
246	1	27	1
246	1	21	0
246	1	39	1
246	1	20	1
246	2	18	0
247	0	2	0
247	1	4	1
247	1	26	1
247	1	24	1
247	1	5	0
247	1	31	1
247	1	26	0
247	1	33	1
247	1	24	1
247	1	27	1
247	1	23	0
247	1	39	1
247	1	20	1
247	2	18	0
248	0	2	0
248	1	8	0
248	1	37	1
248	1	10	0
248	1	33	1
248	1	24	1
248	1	4	0
248	1	31	1
248	1	10	0
248	1	33	1
248	1	24	1
248	1	27	1
248	1	21	0
248	1	39	1
248	1	20	1
248	2	28	0
249	0	2	0
249	1	24	1
249	1	25	1
249	1	16	0
249	1	35	1
249	1	20	1
249	1	28	0
249	1	41	1
249	1	27	1
249	1	21	0
249	1	39	1
249	2	15	0
249	3	5	0
250	0	2	0
250	1	4	1
250	1	26	1
250	1	24	1
250	1	7	0
250	1	31	1
250	1	10	0
250	1	33	1
250	1	24	1
250	1	27	1
250	1	23	0
250	1	39	1
250	1	20	1
250	2	18	0
251	0	2	0
251	1	4	0
251	1	37	1
251	1	10	0
251	1	33	1
251	1	24	1
251	1	5	0
251	1	31	1
251	1	26	0
251	1	33	1
251	1	24	1
251	1	27	1
251	1	23	0
251	1	39	1
251	1	20	1
251	2	18	0
252	0	2	0
252	1	8	0
252	1	37	1
252	1	26	0
252	1	33	1
252	1	24	1
252	1	3	0
252	1	31	1
252	1	10	0
252	1	33	1
252	1	24	1
252	1	27	1
252	1	21	0
252	1	39	1
252	1	20	1
252	2	28	0
253	0	2	0
253	1	24	1
253	1	25	1
253	1	19	0
253	1	35	1
253	1	20	1
253	1	28	0
253	1	41	1
253	1	27	1
253	1	21	0
253	1	39	1
253	2	29	0
253	3	25	1
253	3	14	0
253	3	35	1
254	0	2	0
254	1	24	1
254	1	25	1
254	1	13	0
254	1	35	1
254	1	20	1
254	1	17	0
254	1	41	1
254	1	27	1
254	1	23	0
254	1	39	1
254	2	12	0
254	3	25	1
254	3	16	0
254	3	35	1
255	0	2	0
255	1	24	1
255	1	25	1
255	1	11	0
255	1	35	1
255	1	20	1
255	1	18	0
255	1	41	1
255	1	27	1
255	1	21	0
255	1	39	1
255	2	9	0
255	3	25	1
255	3	14	0
255	3	35	1
256	0	2	0
256	1	4	0
256	1	37	1
256	1	26	0
256	1	33	1
256	1	24	1
256	1	6	0
256	1	31	1
256	1	10	0
256	1	33	1
256	1	24	1
256	1	27	1
256	1	23	0
256	1	39	1
256	1	20	1
256	2	18	0
257	0	2	0
257	1	4	0
257	1	37	1
257	1	10	0
257	1	33	1
257	1	24	1
257	1	8	0
257	1	31	1
257	1	10	0
257	1	33	1
257	1	24	1
257	1	27	1
257	1	21	0
257	1	39	1
257	1	20	1
257	2	18	0
258	0	2	0
258	1	4	0
258	1	37	1
258	1	26	0
258	1	33	1
258	1	24	1
258	1	8	0
258	1	31	1
258	1	10	0
258	1	33	1
258	1	24	1
258	1	27	1
258	1	23	0
258	1	39	1
258	1	20	1
258	2	18	0
259	0	2	0
259	1	4	1
259	1	26	1
259	1	24	1
259	1	7	0
259	1	31	1
259	1	10	0
259	1	33	1
259	1	24	1
259	1	27	1
259	1	23	0
259	1	39	1
259	1	20	1
259	2	18	0
260	0	2	0
260	1	8	0
260	1	37	1
260	1	10	0
260	1	33	1
260	1	24	1
260	1	7	0
260	1	31	1
260	1	26	0
260	1	33	1
260	1	24	1
260	1	27	1
260	1	23	0
260	1	39	1
260	1	20	1
260	2	18	0
261	0	2	0
261	1	24	1
261	1	25	1
261	1	11	0
261	1	35	1
261	1	20	1
261	1	17	0
261	1	41	1
261	1	27	1
261	1	21	0
261	1	39	1
261	2	12	0
261	3	4	0
262	0	2	0
262	1	4	0
262	1	37	1
262	1	10	0
262	1	33	1
262	1	24	1
262	1	7	0
262	1	31	1
262	1	10	0
262	1	33	1
262	1	24	1
262	1	27	1
262	1	23	0
262	1	39	1
262	1	20	1
262	2	18	0
263	0	2	0
263	1	24	1
263	1	5	0
263	1	31	1
263	1	20	1
263	1	28	0
263	1	41	1
263	1	27	1
263	1	21	0
263	1	39	1
263	2	9	0
263	3	25	1
263	3	16	0
263	3	35	1
264	0	2	0
264	1	4	0
264	1	37	1
264	1	26	0
264	1	33	1
264	1	24	1
264	1	6	0
264	1	31	1
264	1	26	0
264	1	33	1
264	1	24	1
264	1	27	1
264	1	21	0
264	1	39	1
264	1	20	1
264	2	18	0
265	0	2	0
265	1	3	0
265	1	37	1
265	1	26	0
265	1	33	1
265	1	24	1
265	1	5	0
265	1	31	1
265	1	26	0
265	1	33	1
265	1	24	1
265	1	27	1
265	1	21	0
265	1	39	1
265	1	20	1
265	2	28	0
266	0	2	0
266	1	4	0
266	1	37	1
266	1	26	0
266	1	33	1
266	1	24	1
266	1	4	0
266	1	31	1
266	1	10	0
266	1	33	1
266	1	24	1
266	1	27	1
266	1	23	0
266	1	39	1
266	1	20	1
266	2	28	0
267	0	2	0
267	1	24	1
267	1	25	1
267	1	14	0
267	1	35	1
267	1	20	1
267	1	17	0
267	1	41	1
267	1	27	1
267	1	23	0
267	1	39	1
267	2	12	0
267	3	25	1
267	3	19	0
267	3	35	1
268	0	2	0
268	1	24	1
268	1	25	1
268	1	11	0
268	1	35	1
268	1	20	1
268	1	28	0
268	1	41	1
268	1	27	1
268	1	21	0
268	1	39	1
268	2	15	0
268	3	25	1
268	3	16	0
268	3	35	1
269	0	2	0
269	1	24	1
269	1	4	0
269	1	31	1
269	1	20	1
269	1	28	0
269	1	41	1
269	1	27	1
269	1	23	0
269	1	39	1
269	2	12	0
269	3	25	1
269	3	19	0
269	3	35	1
270	0	2	0
270	1	4	0
270	1	37	1
270	1	26	0
270	1	33	1
270	1	24	1
270	1	4	0
270	1	31	1
270	1	26	0
270	1	33	1
270	1	24	1
270	1	27	1
270	1	21	0
270	1	39	1
270	1	20	1
270	2	18	0
271	0	2	0
271	1	3	0
271	1	37	1
271	1	10	0
271	1	33	1
271	1	24	1
271	1	7	0
271	1	31	1
271	1	26	0
271	1	33	1
271	1	24	1
271	1	27	1
271	1	21	0
271	1	39	1
271	1	20	1
271	2	28	0
272	0	2	0
272	1	24	1
272	1	25	1
272	1	19	0
272	1	35	1
272	1	20	1
272	1	28	0
272	1	41	1
272	1	27	1
272	1	21	0
272	1	39	1
272	2	29	0
272	3	7	0
273	0	2	0
273	1	4	1
273	1	26	1
273	1	24	1
273	1	8	0
273	1	31	1
273	1	10	0
273	1	33	1
273	1	24	1
273	1	27	1
273	1	21	0
273	1	39	1
273	1	20	1
273	2	18	0
274	0	2	0
274	1	24	1
274	1	25	1
274	1	13	0
274	1	35	1
274	1	20	1
274	1	18	0
274	1	41	1
274	1	27	1
274	1	23	0
274	1	39	1
274	2	15	0
274	3	25	1
274	3	16	0
274	3	35	1
275	0	2	0
275	1	24	1
275	1	5	0
275	1	31	1
275	1	20	1
275	1	18	0
275	1	41	1
275	1	27	1
275	1	23	0
275	1	39	1
275	2	12	0
275	3	25	1
275	3	14	0
275	3	35	1
276	0	2	0
276	1	4	0
276	1	37	1
276	1	26	0
276	1	33	1
276	1	24	1
276	1	3	0
276	1	31	1
276	1	26	0
276	1	33	1
276	1	24	1
276	1	27	1
276	1	23	0
276	1	39	1
276	1	20	1
276	2	28	0
277	0	2	0
277	1	4	0
277	1	37	1
277	1	26	0
277	1	33	1
277	1	24	1
277	1	7	0
277	1	31	1
277	1	10	0
277	1	33	1
277	1	24	1
277	1	27	1
277	1	23	0
277	1	39	1
277	1	20	1
277	2	28	0
278	0	2	0
278	1	4	0
278	1	37	1
278	1	10	0
278	1	33	1
278	1	24	1
278	1	7	0
278	1	31	1
278	1	10	0
278	1	33	1
278	1	24	1
278	1	27	1
278	1	21	0
278	1	39	1
278	1	20	1
278	2	28	0
279	0	2	0
279	1	24	1
279	1	25	1
279	1	14	0
279	1	35	1
279	1	20	1
279	1	18	0
279	1	41	1
279	1	27	1
279	1	21	0
279	1	39	1
279	2	12	0
279	3	25	1
279	3	13	0
279	3	35	1
280	0	2	0
280	1	4	1
280	1	26	1
280	1	24	1
280	1	3	0
280	1	31	1
280	1	10	0
280	1	33	1
280	1	24	1
280	1	27	1
280	1	21	0
280	1	39	1
280	1	20	1
280	2	18	0
281	0	2	0
281	1	3	0
281	1	37	1
281	1	10	0
281	1	33	1
281	1	24	1
281	1	7	0
281	1	31	1
281	1	10	0
281	1	33	1
281	1	24	1
281	1	27	1
281	1	21	0
281	1	39	1
281	1	20	1
281	2	18	0
282	0	2	0
282	1	24	1
282	1	4	0
282	1	31	1
282	1	20	1
282	1	18	0
282	1	41	1
282	1	27	1
282	1	23	0
282	1	39	1
282	2	15	0
282	3	8	0
283	0	2	0
283	1	4	0
283	1	37	1
283	1	10	0
283	1	33	1
283	1	24	1
283	1	4	0
283	1	31	1
283	1	26	0
283	1	33	1
283	1	24	1
283	1	27	1
283	1	23	0
283	1	39	1
283	1	20	1
283	2	28	0
284	0	2	0
284	1	8	0
284	1	37	1
284	1	10	0
284	1	33	1
284	1	24	1
284	1	5	0
284	1	31	1
284	1	26	0
284	1	33	1
284	1	24	1
284	1	27	1
284	1	21	0
284	1	39	1
284	1	20	1
284	2	18	0
285	0	2	0
285	1	3	0
285	1	37	1
285	1	10	0
285	1	33	1
285	1	24	1
285	1	8	0
285	1	31	1
285	1	26	0
285	1	33	1
285	1	24	1
285	1	27	1
285	1	23	0
285	1	39	1
285	1	20	1
285	2	28	0
286	0	2	0
286	1	4	0
286	1	37	1
286	1	10	0
286	1	33	1
286	1	24	1
286	1	4	0
286	1	31	1
286	1	10	0
286	1	33	1
286	1	24	1
286	1	27	1
286	1	21	0
286	1	39	1
286	1	20	1
286	2	18	0
287	0	2	0
287	1	24	1
287	1	25	1
287	1	14	0
287	1	35	1
287	1	20	1
287	1	18	0
287	1	41	1
287	1	27	1
287	1	23	0
287	1	39	1
287	2	12	0
287	3	25	1
287	3	16	0
287	3	35	1
288	0	2	0
288	1	8	0
288	1	37	1
288	1	26	0
288	1	33	1
288	1	24	1
288	1	6	0
288	1	31	1
288	1	26	0
288	1	33	1
288	1	24	1
288	1	27	1
288	1	23	0
288	1	39	1
288	1	20	1
288	2	28	0
289	0	2	0
289	1	4	0
289	1	37	1
289	1	26	0
289	1	33	1
289	1	24	1
289	1	5	0
289	1	31	1
289	1	26	0
289	1	33	1
289	1	24	1
289	1	27	1
289	1	23	0
289	1	39	1
289	1	20	1
289	2	28	0
290	0	2	0
290	1	24	1
290	1	7	0
290	1	31	1
290	1	20	1
290	1	18	0
290	1	41	1
290	1	27	1
290	1	23	0
290	1	39	1
290	2	9	0
290	3	25	1
290	3	11	0
290	3	35	1
291	0	2	0
291	1	8	0
291	1	37	1
291	1	10	0
291	1	33	1
291	1	24	1
291	1	6	0
291	1	31	1
291	1	10	0
291	1	33	1
291	1	24	1
291	1	27	1
291	1	23	0
291	1	39	1
291	1	20	1
291	2	18	0
292	0	2	0
292	1	24	1
292	1	25	1
292	1	16	0
292	1	35	1
292	1	20	1
292	1	28	0
292	1	41	1
292	1	27	1
292	1	21	0
292	1	39	1
292	2	29	0
292	3	25	1
292	3	19	0
292	3	35	1
293	0	2	0
293	1	24	1
293	1	25	1
293	1	13	0
293	1	35	1
293	1	20	1
293	1	18	0
293	1	41	1
293	1	27	1
293	1	21	0
293	1	39	1
293	2	15	0
293	3	25	1
293	3	16	0
293	3	35	1
294	0	2	0
294	1	3	0
294	1	37	1
294	1	26	0
294	1	33	1
294	1	24	1
294	1	5	0
294	1	31	1
294	1	26	0
294	1	33	1
294	1	24	1
294	1	27	1
294	1	23	0
294	1	39	1
294	1	20	1
294	2	18	0
295	0	2	0
295	1	3	0
295	1	37	1
295	1	10	0
295	1	33	1
295	1	24	1
295	1	7	0
295	1	31	1
295	1	26	0
295	1	33	1
295	1	24	1
295	1	27	1
295	1	23	0
295	1	39	1
295	1	20	1
295	2	28	0
296	0	2	0
296	1	4	1
296	1	26	1
296	1	24	1
296	1	4	0
296	1	31	1
296	1	10	0
296	1	33	1
296	1	24	1
296	1	27	1
296	1	21	0
296	1	39	1
296	1	20	1
296	2	28	0
297	0	2	0
297	1	3	0
297	1	37	1
297	1	10	0
297	1	33	1
297	1	24	1
297	1	7	0
297	1	31	1
297	1	26	0
297	1	33	1
297	1	24	1
297	1	27	1
297	1	21	0
297	1	39	1
297	1	20	1
297	2	28	0
298	0	2	0
298	1	4	1
298	1	26	1
298	1	24	1
298	1	6	0
298	1	31	1
298	1	26	0
298	1	33	1
298	1	24	1
298	1	27	1
298	1	23	0
298	1	39	1
298	1	20	1
298	2	28	0
299	0	2	0
299	1	24	1
299	1	7	0
299	1	31	1
299	1	20	1
299	1	18	0
299	1	41	1
299	1	27	1
299	1	21	0
299	1	39	1
299	2	12	0
299	3	25	1
299	3	16	0
299	3	35	1
300	0	2	0
300	1	24	1
300	1	25	1
300	1	13	0
300	1	35	1
300	1	20	1
300	1	17	0
300	1	41	1
300	1	27	1
300	1	23	0
300	1	39	1
300	2	12	0
300	3	3	0
301	0	2	0
301	1	4	1
301	1	26	1
301	1	24	1
301	1	7	0
301	1	31	1
301	1	10	0
301	1	33	1
301	1	24	1
301	1	27	1
301	1	21	0
301	1	39	1
301	1	20	1
301	2	28	0
302	0	2	0
302	1	24	1
302	1	25	1
302	1	19	0
302	1	35	1
302	1	20	1
302	1	17	0
302	1	41	1
302	1	27	1
302	1	23	0
302	1	39	1
302	2	12	0
302	3	25	1
302	3	14	0
302	3	35	1
303	0	2	0
303	1	24	1
303	1	8	0
303	1	31	1
303	1	20	1
303	1	28	0
303	1	41	1
303	1	27	1
303	1	23	0
303	1	39	1
303	2	12	0
303	3	8	0
304	0	2	0
304	1	24	1
304	1	7	0
304	1	31	1
304	1	20	1
304	1	28	0
304	1	41	1
304	1	27	1
304	1	21	0
304	1	39	1
304	2	15	0
304	3	25	1
304	3	11	0
304	3	35	1
305	0	2	0
305	1	24	1
305	1	25	1
305	1	13	0
305	1	35	1
305	1	20	1
305	1	18	0
305	1	41	1
305	1	27	1
305	1	21	0
305	1	39	1
305	2	12	0
305	3	4	0
306	0	2	0
306	1	4	0
306	1	37	1
306	1	10	0
306	1	33	1
306	1	24	1
306	1	6	0
306	1	31	1
306	1	10	0
306	1	33	1
306	1	24	1
306	1	27	1
306	1	23	0
306	1	39	1
306	1	20	1
306	2	18	0
307	0	2	0
307	1	24	1
307	1	25	1
307	1	16	0
307	1	35	1
307	1	20	1
307	1	18	0
307	1	41	1
307	1	27	1
307	1	21	0
307	1	39	1
307	2	15	0
307	3	25	1
307	3	14	0
307	3	35	1
308	0	2	0
308	1	4	1
308	1	26	1
308	1	24	1
308	1	6	0
308	1	31	1
308	1	10	0
308	1	33	1
308	1	24	1
308	1	27	1
308	1	21	0
308	1	39	1
308	1	20	1
308	2	28	0
309	0	2	0
309	1	4	0
309	1	37	1
309	1	26	0
309	1	33	1
309	1	24	1
309	1	5	0
309	1	31	1
309	1	26	0
309	1	33	1
309	1	24	1
309	1	27	1
309	1	21	0
309	1	39	1
309	1	20	1
309	2	18	0
310	0	2	0
310	1	4	1
310	1	26	1
310	1	24	1
310	1	4	0
310	1	31	1
310	1	10	0
310	1	33	1
310	1	24	1
310	1	27	1
310	1	21	0
310	1	39	1
310	1	20	1
310	2	28	0
311	0	2	0
311	1	4	0
311	1	37	1
311	1	10	0
311	1	33	1
311	1	24	1
311	1	3	0
311	1	31	1
311	1	10	0
311	1	33	1
311	1	24	1
311	1	27	1
311	1	23	0
311	1	39	1
311	1	20	1
311	2	28	0
312	0	2	0
312	1	8	0
312	1	37	1
312	1	10	0
312	1	33	1
312	1	24	1
312	1	7	0
312	1	31	1
312	1	10	0
312	1	33	1
312	1	24	1
312	1	27	1
312	1	23	0
312	1	39	1
312	1	20	1
312	2	28	0
313	0	2	0
313	1	8	0
313	1	37	1
313	1	10	0
313	1	33	1
313	1	24	1
313	1	6	0
313	1	31	1
313	1	10	0
313	1	33	1
313	1	24	1
313	1	27	1
313	1	23	0
313	1	39	1
313	1	20	1
313	2	18	0
314	0	2	0
314	1	24	1
314	1	25	1
314	1	14	0
314	1	35	1
314	1	20	1
314	1	17	0
314	1	41	1
314	1	27	1
314	1	21	0
314	1	39	1
314	2	15	0
314	3	25	1
314	3	19	0
314	3	35	1
315	0	2	0
315	1	4	0
315	1	37	1
315	1	26	0
315	1	33	1
315	1	24	1
315	1	7	0
315	1	31	1
315	1	26	0
315	1	33	1
315	1	24	1
315	1	27	1
315	1	21	0
315	1	39	1
315	1	20	1
315	2	28	0
316	0	2	0
316	1	4	0
316	1	37	1
316	1	10	0
316	1	33	1
316	1	24	1
316	1	5	0
316	1	31	1
316	1	26	0
316	1	33	1
316	1	24	1
316	1	27	1
316	1	21	0
316	1	39	1
316	1	20	1
316	2	28	0
317	0	2	0
317	1	24	1
317	1	25	1
317	1	16	0
317	1	35	1
317	1	20	1
317	1	17	0
317	1	41	1
317	1	27	1
317	1	23	0
317	1	39	1
317	2	12	0
317	3	4	0
318	0	2	0
318	1	4	1
318	1	26	1
318	1	24	1
318	1	6	0
318	1	31	1
318	1	10	0
318	1	33	1
318	1	24	1
318	1	27	1
318	1	21	0
318	1	39	1
318	1	20	1
318	2	28	0
319	0	2	0
319	1	4	0
319	1	37	1
319	1	10	0
319	1	33	1
319	1	24	1
319	1	5	0
319	1	31	1
319	1	10	0
319	1	33	1
319	1	24	1
319	1	27	1
319	1	21	0
319	1	39	1
319	1	20	1
319	2	28	0
320	0	2	0
320	1	8	0
320	1	37	1
320	1	26	0
320	1	33	1
320	1	24	1
320	1	6	0
320	1	31	1
320	1	10	0
320	1	33	1
320	1	24	1
320	1	27	1
320	1	21	0
320	1	39	1
320	1	20	1
320	2	28	0
321	0	2	0
321	1	4	0
321	1	37	1
321	1	26	0
321	1	33	1
321	1	24	1
321	1	5	0
321	1	31	1
321	1	26	0
321	1	33	1
321	1	24	1
321	1	27	1
321	1	23	0
321	1	39	1
321	1	20	1
321	2	28	0
322	0	2	0
322	1	4	1
322	1	26	1
322	1	24	1
322	1	7	0
322	1	31	1
322	1	10	0
322	1	33	1
322	1	24	1
322	1	27	1
322	1	21	0
322	1	39	1
322	1	20	1
322	2	18	0
323	0	2	0
323	1	4	1
323	1	26	1
323	1	24	1
323	1	6	0
323	1	31	1
323	1	26	0
323	1	33	1
323	1	24	1
323	1	27	1
323	1	21	0
323	1	39	1
323	1	20	1
323	2	28	0
324	0	2	0
324	1	4	1
324	1	26	1
324	1	24	1
324	1	7	0
324	1	31	1
324	1	10	0
324	1	33	1
324	1	24	1
324	1	27	1
324	1	21	0
324	1	39	1
324	1	20	1
324	2	18	0
325	0	2	0
325	1	3	0
325	1	37	1
325	1	26	0
325	1	33	1
325	1	24	1
325	1	3	0
325	1	31	1
325	1	26	0
325	1	33	1
325	1	24	1
325	1	27	1
325	1	21	0
325	1	39	1
325	1	20	1
325	2	18	0
326	0	2	0
326	1	24	1
326	1	4	0
326	1	31	1
326	1	20	1
326	1	17	0
326	1	41	1
326	1	27	1
326	1	23	0
326	1	39	1
326	2	12	0
326	3	25	1
326	3	13	0
326	3	35	1
327	0	2	0
327	1	4	1
327	1	26	1
327	1	24	1
327	1	5	0
327	1	31	1
327	1	26	0
327	1	33	1
327	1	24	1
327	1	27	1
327	1	23	0
327	1	39	1
327	1	20	1
327	2	18	0
328	0	2	0
328	1	24	1
328	1	25	1
328	1	13	0
328	1	35	1
328	1	20	1
328	1	18	0
328	1	41	1
328	1	27	1
328	1	21	0
328	1	39	1
328	2	12	0
328	3	25	1
328	3	19	0
328	3	35	1
329	0	2	0
329	1	24	1
329	1	3	0
329	1	31	1
329	1	20	1
329	1	28	0
329	1	41	1
329	1	27	1
329	1	23	0
329	1	39	1
329	2	15	0
329	3	25	1
329	3	14	0
329	3	35	1
330	0	2	0
330	1	24	1
330	1	25	1
330	1	14	0
330	1	35	1
330	1	20	1
330	1	17	0
330	1	41	1
330	1	27	1
330	1	21	0
330	1	39	1
330	2	12	0
330	3	25	1
330	3	22	0
330	3	35	1
331	0	2	0
331	1	24	1
331	1	25	1
331	1	14	0
331	1	35	1
331	1	20	1
331	1	18	0
331	1	41	1
331	1	27	1
331	1	23	0
331	1	39	1
331	2	9	0
331	3	5	0
332	0	2	0
332	1	4	0
332	1	37	1
332	1	10	0
332	1	33	1
332	1	24	1
332	1	8	0
332	1	31	1
332	1	26	0
332	1	33	1
332	1	24	1
332	1	27	1
332	1	21	0
332	1	39	1
332	1	20	1
332	2	18	0
333	0	2	0
333	1	24	1
333	1	7	0
333	1	31	1
333	1	20	1
333	1	18	0
333	1	41	1
333	1	27	1
333	1	21	0
333	1	39	1
333	2	9	0
333	3	25	1
333	3	11	0
333	3	35	1
334	0	2	0
334	1	4	1
334	1	26	1
334	1	24	1
334	1	7	0
334	1	31	1
334	1	10	0
334	1	33	1
334	1	24	1
334	1	27	1
334	1	23	0
334	1	39	1
334	1	20	1
334	2	18	0
335	0	2	0
335	1	4	1
335	1	26	1
335	1	24	1
335	1	3	0
335	1	31	1
335	1	26	0
335	1	33	1
335	1	24	1
335	1	27	1
335	1	21	0
335	1	39	1
335	1	20	1
335	2	18	0
336	0	2	0
336	1	4	0
336	1	37	1
336	1	10	0
336	1	33	1
336	1	24	1
336	1	3	0
336	1	31	1
336	1	26	0
336	1	33	1
336	1	24	1
336	1	27	1
336	1	23	0
336	1	39	1
336	1	20	1
336	2	28	0
337	0	2	0
337	1	24	1
337	1	25	1
337	1	11	0
337	1	35	1
337	1	20	1
337	1	18	0
337	1	41	1
337	1	27	1
337	1	21	0
337	1	39	1
337	2	15	0
337	3	25	1
337	3	14	0
337	3	35	1
338	0	2	0
338	1	24	1
338	1	3	0
338	1	31	1
338	1	20	1
338	1	18	0
338	1	41	1
338	1	27	1
338	1	23	0
338	1	39	1
338	2	12	0
338	3	25	1
338	3	22	0
338	3	35	1
339	0	2	0
339	1	24	1
339	1	7	0
339	1	31	1
339	1	20	1
339	1	18	0
339	1	41	1
339	1	27	1
339	1	23	0
339	1	39	1
339	2	12	0
339	3	6	0
340	0	2	0
340	1	4	0
340	1	37	1
340	1	26	0
340	1	33	1
340	1	24	1
340	1	7	0
340	1	31	1
340	1	26	0
340	1	33	1
340	1	24	1
340	1	27	1
340	1	21	0
340	1	39	1
340	1	20	1
340	2	28	0
341	0	2	0
341	1	4	0
341	1	37	1
341	1	26	0
341	1	33	1
341	1	24	1
341	1	5	0
341	1	31	1
341	1	10	0
341	1	33	1
341	1	24	1
341	1	27	1
341	1	21	0
341	1	39	1
341	1	20	1
341	2	28	0
342	0	2	0
342	1	24	1
342	1	25	1
342	1	22	0
342	1	35	1
342	1	20	1
342	1	17	0
342	1	41	1
342	1	27	1
342	1	21	0
342	1	39	1
342	2	29	0
342	3	25	1
342	3	19	0
342	3	35	1
343	0	2	0
343	1	4	0
343	1	37	1
343	1	26	0
343	1	33	1
343	1	24	1
343	1	7	0
343	1	31	1
343	1	26	0
343	1	33	1
343	1	24	1
343	1	27	1
343	1	23	0
343	1	39	1
343	1	20	1
343	2	18	0
344	0	2	0
344	1	24	1
344	1	25	1
344	1	16	0
344	1	35	1
344	1	20	1
344	1	18	0
344	1	41	1
344	1	27	1
344	1	21	0
344	1	39	1
344	2	29	0
344	3	6	0
345	0	2	0
345	1	24	1
345	1	25	1
345	1	22	0
345	1	35	1
345	1	20	1
345	1	28	0
345	1	41	1
345	1	27	1
345	1	21	0
345	1	39	1
345	2	12	0
345	3	25	1
345	3	14	0
345	3	35	1
346	0	2	0
346	1	24	1
346	1	25	1
346	1	16	0
346	1	35	1
346	1	20	1
346	1	17	0
346	1	41	1
346	1	27	1
346	1	21	0
346	1	39	1
346	2	12	0
346	3	8	0
347	0	2	0
347	1	24	1
347	1	7	0
347	1	31	1
347	1	20	1
347	1	28	0
347	1	41	1
347	1	27	1
347	1	23	0
347	1	39	1
347	2	15	0
347	3	4	0
348	0	2	0
348	1	24	1
348	1	25	1
348	1	14	0
348	1	35	1
348	1	20	1
348	1	18	0
348	1	41	1
348	1	27	1
348	1	23	0
348	1	39	1
348	2	12	0
348	3	25	1
348	3	16	0
348	3	35	1
349	0	2	0
349	1	8	0
349	1	37	1
349	1	10	0
349	1	33	1
349	1	24	1
349	1	3	0
349	1	31	1
349	1	10	0
349	1	33	1
349	1	24	1
349	1	27	1
349	1	21	0
349	1	39	1
349	1	20	1
349	2	28	0
350	0	2	0
350	1	8	0
350	1	37	1
350	1	26	0
350	1	33	1
350	1	24	1
350	1	6	0
350	1	31	1
350	1	26	0
350	1	33	1
350	1	24	1
350	1	27	1
350	1	23	0
350	1	39	1
350	1	20	1
350	2	28	0
351	0	2	0
351	1	4	0
351	1	37	1
351	1	26	0
351	1	33	1
351	1	24	1
351	1	6	0
351	1	31	1
351	1	10	0
351	1	33	1
351	1	24	1
351	1	27	1
351	1	21	0
351	1	39	1
351	1	20	1
351	2	18	0
352	0	2	0
352	1	24	1
352	1	3	0
352	1	31	1
352	1	20	1
352	1	18	0
352	1	41	1
352	1	27	1
352	1	21	0
352	1	39	1
352	2	9	0
352	3	25	1
352	3	11	0
352	3	35	1
353	0	2	0
353	1	4	1
353	1	26	1
353	1	24	1
353	1	5	0
353	1	31	1
353	1	10	0
353	1	33	1
353	1	24	1
353	1	27	1
353	1	23	0
353	1	39	1
353	1	20	1
353	2	28	0
354	0	2	0
354	1	4	0
354	1	37	1
354	1	26	0
354	1	33	1
354	1	24	1
354	1	5	0
354	1	31	1
354	1	10	0
354	1	33	1
354	1	24	1
354	1	27	1
354	1	21	0
354	1	39	1
354	1	20	1
354	2	28	0
355	0	2	0
355	1	24	1
355	1	25	1
355	1	19	0
355	1	35	1
355	1	20	1
355	1	17	0
355	1	41	1
355	1	27	1
355	1	23	0
355	1	39	1
355	2	9	0
355	3	25	1
355	3	14	0
355	3	35	1
356	0	2	0
356	1	3	0
356	1	37	1
356	1	26	0
356	1	33	1
356	1	24	1
356	1	5	0
356	1	31	1
356	1	10	0
356	1	33	1
356	1	24	1
356	1	27	1
356	1	21	0
356	1	39	1
356	1	20	1
356	2	18	0
357	0	2	0
357	1	24	1
357	1	5	0
357	1	31	1
357	1	20	1
357	1	28	0
357	1	41	1
357	1	27	1
357	1	23	0
357	1	39	1
357	2	29	0
357	3	25	1
357	3	11	0
357	3	35	1
358	0	2	0
358	1	4	1
358	1	26	1
358	1	24	1
358	1	8	0
358	1	31	1
358	1	10	0
358	1	33	1
358	1	24	1
358	1	27	1
358	1	23	0
358	1	39	1
358	1	20	1
358	2	28	0
359	0	2	0
359	1	4	0
359	1	37	1
359	1	10	0
359	1	33	1
359	1	24	1
359	1	7	0
359	1	31	1
359	1	26	0
359	1	33	1
359	1	24	1
359	1	27	1
359	1	23	0
359	1	39	1
359	1	20	1
359	2	18	0
360	0	2	0
360	1	24	1
360	1	7	0
360	1	31	1
360	1	20	1
360	1	18	0
360	1	41	1
360	1	27	1
360	1	21	0
360	1	39	1
360	2	9	0
360	3	6	0
361	0	2	0
361	1	4	1
361	1	26	1
361	1	24	1
361	1	4	0
361	1	31	1
361	1	10	0
361	1	33	1
361	1	24	1
361	1	27	1
361	1	23	0
361	1	39	1
361	1	20	1
361	2	18	0
362	0	2	0
362	1	4	0
362	1	37	1
362	1	10	0
362	1	33	1
362	1	24	1
362	1	4	0
362	1	31	1
362	1	26	0
362	1	33	1
362	1	24	1
362	1	27	1
362	1	21	0
362	1	39	1
362	1	20	1
362	2	28	0
363	0	2	0
363	1	24	1
363	1	25	1
363	1	13	0
363	1	35	1
363	1	20	1
363	1	18	0
363	1	41	1
363	1	27	1
363	1	23	0
363	1	39	1
363	2	15	0
363	3	25	1
363	3	14	0
363	3	35	1
364	0	2	0
364	1	24	1
364	1	25	1
364	1	16	0
364	1	35	1
364	1	20	1
364	1	28	0
364	1	41	1
364	1	27	1
364	1	23	0
364	1	39	1
364	2	15	0
364	3	25	1
364	3	16	0
364	3	35	1
365	0	2	0
365	1	4	0
365	1	37	1
365	1	26	0
365	1	33	1
365	1	24	1
365	1	5	0
365	1	31	1
365	1	10	0
365	1	33	1
365	1	24	1
365	1	27	1
365	1	23	0
365	1	39	1
365	1	20	1
365	2	28	0
366	0	2	0
366	1	24	1
366	1	25	1
366	1	16	0
366	1	35	1
366	1	20	1
366	1	28	0
366	1	41	1
366	1	27	1
366	1	21	0
366	1	39	1
366	2	12	0
366	3	25	1
366	3	11	0
366	3	35	1
367	0	2	0
367	1	24	1
367	1	25	1
367	1	16	0
367	1	35	1
367	1	20	1
367	1	28	0
367	1	41	1
367	1	27	1
367	1	23	0
367	1	39	1
367	2	29	0
367	3	25	1
367	3	14	0
367	3	35	1
368	0	2	0
368	1	4	0
368	1	37	1
368	1	26	0
368	1	33	1
368	1	24	1
368	1	6	0
368	1	31	1
368	1	26	0
368	1	33	1
368	1	24	1
368	1	27	1
368	1	21	0
368	1	39	1
368	1	20	1
368	2	28	0
369	0	2	0
369	1	4	1
369	1	26	1
369	1	24	1
369	1	4	0
369	1	31	1
369	1	26	0
369	1	33	1
369	1	24	1
369	1	27	1
369	1	23	0
369	1	39	1
369	1	20	1
369	2	18	0
370	0	2	0
370	1	4	1
370	1	26	1
370	1	24	1
370	1	4	0
370	1	31	1
370	1	10	0
370	1	33	1
370	1	24	1
370	1	27	1
370	1	23	0
370	1	39	1
370	1	20	1
370	2	28	0
371	0	2	0
371	1	24	1
371	1	25	1
371	1	22	0
371	1	35	1
371	1	20	1
371	1	28	0
371	1	41	1
371	1	27	1
371	1	21	0
371	1	39	1
371	2	12	0
371	3	25	1
371	3	14	0
371	3	35	1
372	0	2	0
372	1	24	1
372	1	25	1
372	1	19	0
372	1	35	1
372	1	20	1
372	1	17	0
372	1	41	1
372	1	27	1
372	1	21	0
372	1	39	1
372	2	9	0
372	3	25	1
372	3	11	0
372	3	35	1
373	0	2	0
373	1	8	0
373	1	37	1
373	1	26	0
373	1	33	1
373	1	24	1
373	1	5	0
373	1	31	1
373	1	26	0
373	1	33	1
373	1	24	1
373	1	27	1
373	1	21	0
373	1	39	1
373	1	20	1
373	2	28	0
374	0	2	0
374	1	24	1
374	1	25	1
374	1	13	0
374	1	35	1
374	1	20	1
374	1	28	0
374	1	41	1
374	1	27	1
374	1	21	0
374	1	39	1
374	2	9	0
374	3	25	1
374	3	19	0
374	3	35	1
375	0	2	0
375	1	4	0
375	1	37	1
375	1	26	0
375	1	33	1
375	1	24	1
375	1	4	0
375	1	31	1
375	1	10	0
375	1	33	1
375	1	24	1
375	1	27	1
375	1	23	0
375	1	39	1
375	1	20	1
375	2	28	0
376	0	2	0
376	1	8	0
376	1	37	1
376	1	26	0
376	1	33	1
376	1	24	1
376	1	4	0
376	1	31	1
376	1	10	0
376	1	33	1
376	1	24	1
376	1	27	1
376	1	23	0
376	1	39	1
376	1	20	1
376	2	18	0
377	0	2	0
377	1	24	1
377	1	25	1
377	1	19	0
377	1	35	1
377	1	20	1
377	1	17	0
377	1	41	1
377	1	27	1
377	1	23	0
377	1	39	1
377	2	12	0
377	3	25	1
377	3	19	0
377	3	35	1
378	0	2	0
378	1	4	1
378	1	26	1
378	1	24	1
378	1	4	0
378	1	31	1
378	1	26	0
378	1	33	1
378	1	24	1
378	1	27	1
378	1	21	0
378	1	39	1
378	1	20	1
378	2	18	0
379	0	2	0
379	1	24	1
379	1	6	0
379	1	31	1
379	1	20	1
379	1	18	0
379	1	41	1
379	1	27	1
379	1	21	0
379	1	39	1
379	2	15	0
379	3	25	1
379	3	19	0
379	3	35	1
380	0	2	0
380	1	24	1
380	1	25	1
380	1	14	0
380	1	35	1
380	1	20	1
380	1	28	0
380	1	41	1
380	1	27	1
380	1	21	0
380	1	39	1
380	2	15	0
380	3	25	1
380	3	19	0
380	3	35	1
381	0	2	0
381	1	4	0
381	1	37	1
381	1	26	0
381	1	33	1
381	1	24	1
381	1	4	0
381	1	31	1
381	1	10	0
381	1	33	1
381	1	24	1
381	1	27	1
381	1	21	0
381	1	39	1
381	1	20	1
381	2	18	0
382	0	2	0
382	1	4	1
382	1	26	1
382	1	24	1
382	1	3	0
382	1	31	1
382	1	10	0
382	1	33	1
382	1	24	1
382	1	27	1
382	1	21	0
382	1	39	1
382	1	20	1
382	2	28	0
383	0	2	0
383	1	4	0
383	1	37	1
383	1	10	0
383	1	33	1
383	1	24	1
383	1	7	0
383	1	31	1
383	1	10	0
383	1	33	1
383	1	24	1
383	1	27	1
383	1	23	0
383	1	39	1
383	1	20	1
383	2	28	0
384	0	2	0
384	1	24	1
384	1	25	1
384	1	22	0
384	1	35	1
384	1	20	1
384	1	17	0
384	1	41	1
384	1	27	1
384	1	23	0
384	1	39	1
384	2	15	0
384	3	25	1
384	3	19	0
384	3	35	1
385	0	2	0
385	1	4	0
385	1	37	1
385	1	10	0
385	1	33	1
385	1	24	1
385	1	6	0
385	1	31	1
385	1	10	0
385	1	33	1
385	1	24	1
385	1	27	1
385	1	23	0
385	1	39	1
385	1	20	1
385	2	28	0
386	0	2	0
386	1	4	1
386	1	26	1
386	1	24	1
386	1	6	0
386	1	31	1
386	1	10	0
386	1	33	1
386	1	24	1
386	1	27	1
386	1	21	0
386	1	39	1
386	1	20	1
386	2	18	0
387	0	2	0
387	1	4	1
387	1	26	1
387	1	24	1
387	1	6	0
387	1	31	1
387	1	26	0
387	1	33	1
387	1	24	1
387	1	27	1
387	1	23	0
387	1	39	1
387	1	20	1
387	2	28	0
388	0	2	0
388	1	24	1
388	1	25	1
388	1	16	0
388	1	35	1
388	1	20	1
388	1	18	0
388	1	41	1
388	1	27	1
388	1	23	0
388	1	39	1
388	2	9	0
388	3	25	1
388	3	13	0
388	3	35	1
389	0	2	0
389	1	24	1
389	1	4	0
389	1	31	1
389	1	20	1
389	1	28	0
389	1	41	1
389	1	27	1
389	1	23	0
389	1	39	1
389	2	15	0
389	3	7	0
390	0	2	0
390	1	24	1
390	1	25	1
390	1	13	0
390	1	35	1
390	1	20	1
390	1	28	0
390	1	41	1
390	1	27	1
390	1	23	0
390	1	39	1
390	2	15	0
390	3	8	0
391	0	2	0
391	1	4	0
391	1	37	1
391	1	10	0
391	1	33	1
391	1	24	1
391	1	4	0
391	1	31	1
391	1	10	0
391	1	33	1
391	1	24	1
391	1	27	1
391	1	21	0
391	1	39	1
391	1	20	1
391	2	18	0
392	0	2	0
392	1	4	1
392	1	26	1
392	1	24	1
392	1	4	0
392	1	31	1
392	1	26	0
392	1	33	1
392	1	24	1
392	1	27	1
392	1	21	0
392	1	39	1
392	1	20	1
392	2	28	0
393	0	2	0
393	1	4	0
393	1	37	1
393	1	26	0
393	1	33	1
393	1	24	1
393	1	5	0
393	1	31	1
393	1	26	0
393	1	33	1
393	1	24	1
393	1	27	1
393	1	21	0
393	1	39	1
393	1	20	1
393	2	28	0
394	0	2	0
394	1	8	0
394	1	37	1
394	1	26	0
394	1	33	1
394	1	24	1
394	1	7	0
394	1	31	1
394	1	26	0
394	1	33	1
394	1	24	1
394	1	27	1
394	1	21	0
394	1	39	1
394	1	20	1
394	2	18	0
395	0	2	0
395	1	4	0
395	1	37	1
395	1	26	0
395	1	33	1
395	1	24	1
395	1	4	0
395	1	31	1
395	1	10	0
395	1	33	1
395	1	24	1
395	1	27	1
395	1	21	0
395	1	39	1
395	1	20	1
395	2	18	0
396	0	2	0
396	1	8	0
396	1	37	1
396	1	10	0
396	1	33	1
396	1	24	1
396	1	5	0
396	1	31	1
396	1	26	0
396	1	33	1
396	1	24	1
396	1	27	1
396	1	23	0
396	1	39	1
396	1	20	1
396	2	28	0
397	0	2	0
397	1	24	1
397	1	6	0
397	1	31	1
397	1	20	1
397	1	18	0
397	1	41	1
397	1	27	1
397	1	23	0
397	1	39	1
397	2	29	0
397	3	25	1
397	3	22	0
397	3	35	1
398	0	2	0
398	1	4	1
398	1	26	1
398	1	24	1
398	1	6	0
398	1	31	1
398	1	10	0
398	1	33	1
398	1	24	1
398	1	27	1
398	1	23	0
398	1	39	1
398	1	20	1
398	2	18	0
399	0	2	0
399	1	24	1
399	1	25	1
399	1	16	0
399	1	35	1
399	1	20	1
399	1	17	0
399	1	41	1
399	1	27	1
399	1	23	0
399	1	39	1
399	2	12	0
399	3	25	1
399	3	19	0
399	3	35	1
400	0	2	0
400	1	4	1
400	1	26	1
400	1	24	1
400	1	7	0
400	1	31	1
400	1	10	0
400	1	33	1
400	1	24	1
400	1	27	1
400	1	21	0
400	1	39	1
400	1	20	1
400	2	18	0
401	0	2	0
401	1	8	0
401	1	37	1
401	1	26	0
401	1	33	1
401	1	24	1
401	1	4	0
401	1	31	1
401	1	26	0
401	1	33	1
401	1	24	1
401	1	27	1
401	1	21	0
401	1	39	1
401	1	20	1
401	2	28	0
402	0	2	0
402	1	24	1
402	1	25	1
402	1	13	0
402	1	35	1
402	1	20	1
402	1	17	0
402	1	41	1
402	1	27	1
402	1	23	0
402	1	39	1
402	2	29	0
402	3	25	1
402	3	22	0
402	3	35	1
403	0	2	0
403	1	4	1
403	1	26	1
403	1	24	1
403	1	4	0
403	1	31	1
403	1	26	0
403	1	33	1
403	1	24	1
403	1	27	1
403	1	21	0
403	1	39	1
403	1	20	1
403	2	28	0
404	0	2	0
404	1	24	1
404	1	4	0
404	1	31	1
404	1	20	1
404	1	17	0
404	1	41	1
404	1	27	1
404	1	23	0
404	1	39	1
404	2	15	0
404	3	25	1
404	3	19	0
404	3	35	1
405	0	2	0
405	1	24	1
405	1	25	1
405	1	13	0
405	1	35	1
405	1	20	1
405	1	18	0
405	1	41	1
405	1	27	1
405	1	21	0
405	1	39	1
405	2	9	0
405	3	7	0
406	0	2	0
406	1	8	0
406	1	37	1
406	1	10	0
406	1	33	1
406	1	24	1
406	1	7	0
406	1	31	1
406	1	26	0
406	1	33	1
406	1	24	1
406	1	27	1
406	1	21	0
406	1	39	1
406	1	20	1
406	2	28	0
407	0	2	0
407	1	24	1
407	1	25	1
407	1	16	0
407	1	35	1
407	1	20	1
407	1	17	0
407	1	41	1
407	1	27	1
407	1	23	0
407	1	39	1
407	2	12	0
407	3	4	0
408	0	2	0
408	1	24	1
408	1	25	1
408	1	14	0
408	1	35	1
408	1	20	1
408	1	17	0
408	1	41	1
408	1	27	1
408	1	21	0
408	1	39	1
408	2	12	0
408	3	25	1
408	3	19	0
408	3	35	1
409	0	2	0
409	1	24	1
409	1	25	1
409	1	19	0
409	1	35	1
409	1	20	1
409	1	17	0
409	1	41	1
409	1	27	1
409	1	23	0
409	1	39	1
409	2	15	0
409	3	25	1
409	3	16	0
409	3	35	1
410	0	2	0
410	1	24	1
410	1	6	0
410	1	31	1
410	1	20	1
410	1	28	0
410	1	41	1
410	1	27	1
410	1	23	0
410	1	39	1
410	2	15	0
410	3	25	1
410	3	14	0
410	3	35	1
411	0	2	0
411	1	8	0
411	1	37	1
411	1	10	0
411	1	33	1
411	1	24	1
411	1	4	0
411	1	31	1
411	1	10	0
411	1	33	1
411	1	24	1
411	1	27	1
411	1	21	0
411	1	39	1
411	1	20	1
411	2	28	0
412	0	2	0
412	1	24	1
412	1	25	1
412	1	14	0
412	1	35	1
412	1	20	1
412	1	28	0
412	1	41	1
412	1	27	1
412	1	21	0
412	1	39	1
412	2	12	0
412	3	4	0
413	0	2	0
413	1	24	1
413	1	6	0
413	1	31	1
413	1	20	1
413	1	17	0
413	1	41	1
413	1	27	1
413	1	21	0
413	1	39	1
413	2	12	0
413	3	3	0
414	0	2	0
414	1	4	0
414	1	37	1
414	1	10	0
414	1	33	1
414	1	24	1
414	1	4	0
414	1	31	1
414	1	10	0
414	1	33	1
414	1	24	1
414	1	27	1
414	1	23	0
414	1	39	1
414	1	20	1
414	2	18	0
415	0	2	0
415	1	8	0
415	1	37	1
415	1	26	0
415	1	33	1
415	1	24	1
415	1	6	0
415	1	31	1
415	1	10	0
415	1	33	1
415	1	24	1
415	1	27	1
415	1	23	0
415	1	39	1
415	1	20	1
415	2	28	0
416	0	2	0
416	1	3	0
416	1	37	1
416	1	10	0
416	1	33	1
416	1	24	1
416	1	5	0
416	1	31	1
416	1	10	0
416	1	33	1
416	1	24	1
416	1	27	1
416	1	23	0
416	1	39	1
416	1	20	1
416	2	28	0
417	0	2	0
417	1	3	0
417	1	37	1
417	1	26	0
417	1	33	1
417	1	24	1
417	1	8	0
417	1	31	1
417	1	26	0
417	1	33	1
417	1	24	1
417	1	27	1
417	1	23	0
417	1	39	1
417	1	20	1
417	2	18	0
418	0	2	0
418	1	8	0
418	1	37	1
418	1	26	0
418	1	33	1
418	1	24	1
418	1	4	0
418	1	31	1
418	1	10	0
418	1	33	1
418	1	24	1
418	1	27	1
418	1	21	0
418	1	39	1
418	1	20	1
418	2	18	0
419	0	2	0
419	1	4	1
419	1	26	1
419	1	24	1
419	1	6	0
419	1	31	1
419	1	10	0
419	1	33	1
419	1	24	1
419	1	27	1
419	1	21	0
419	1	39	1
419	1	20	1
419	2	28	0
420	0	2	0
420	1	3	0
420	1	37	1
420	1	10	0
420	1	33	1
420	1	24	1
420	1	5	0
420	1	31	1
420	1	26	0
420	1	33	1
420	1	24	1
420	1	27	1
420	1	23	0
420	1	39	1
420	1	20	1
420	2	28	0
421	0	2	0
421	1	4	0
421	1	37	1
421	1	10	0
421	1	33	1
421	1	24	1
421	1	5	0
421	1	31	1
421	1	26	0
421	1	33	1
421	1	24	1
421	1	27	1
421	1	23	0
421	1	39	1
421	1	20	1
421	2	18	0
422	0	2	0
422	1	24	1
422	1	8	0
422	1	31	1
422	1	20	1
422	1	28	0
422	1	41	1
422	1	27	1
422	1	21	0
422	1	39	1
422	2	9	0
422	3	25	1
422	3	22	0
422	3	35	1
423	0	2	0
423	1	8	0
423	1	37	1
423	1	26	0
423	1	33	1
423	1	24	1
423	1	3	0
423	1	31	1
423	1	26	0
423	1	33	1
423	1	24	1
423	1	27	1
423	1	23	0
423	1	39	1
423	1	20	1
423	2	18	0
424	0	2	0
424	1	24	1
424	1	25	1
424	1	19	0
424	1	35	1
424	1	20	1
424	1	18	0
424	1	41	1
424	1	27	1
424	1	23	0
424	1	39	1
424	2	9	0
424	3	25	1
424	3	19	0
424	3	35	1
425	0	2	0
425	1	4	0
425	1	37	1
425	1	26	0
425	1	33	1
425	1	24	1
425	1	8	0
425	1	31	1
425	1	26	0
425	1	33	1
425	1	24	1
425	1	27	1
425	1	23	0
425	1	39	1
425	1	20	1
425	2	18	0
426	0	2	0
426	1	4	1
426	1	26	1
426	1	24	1
426	1	6	0
426	1	31	1
426	1	26	0
426	1	33	1
426	1	24	1
426	1	27	1
426	1	23	0
426	1	39	1
426	1	20	1
426	2	28	0
427	0	2	0
427	1	8	0
427	1	37	1
427	1	10	0
427	1	33	1
427	1	24	1
427	1	4	0
427	1	31	1
427	1	26	0
427	1	33	1
427	1	24	1
427	1	27	1
427	1	23	0
427	1	39	1
427	1	20	1
427	2	28	0
428	0	2	0
428	1	4	1
428	1	26	1
428	1	24	1
428	1	3	0
428	1	31	1
428	1	26	0
428	1	33	1
428	1	24	1
428	1	27	1
428	1	21	0
428	1	39	1
428	1	20	1
428	2	18	0
429	0	2	0
429	1	24	1
429	1	25	1
429	1	16	0
429	1	35	1
429	1	20	1
429	1	18	0
429	1	41	1
429	1	27	1
429	1	21	0
429	1	39	1
429	2	9	0
429	3	25	1
429	3	14	0
429	3	35	1
430	0	2	0
430	1	24	1
430	1	7	0
430	1	31	1
430	1	20	1
430	1	17	0
430	1	41	1
430	1	27	1
430	1	21	0
430	1	39	1
430	2	29	0
430	3	25	1
430	3	16	0
430	3	35	1
431	0	2	0
431	1	24	1
431	1	4	0
431	1	31	1
431	1	20	1
431	1	17	0
431	1	41	1
431	1	27	1
431	1	21	0
431	1	39	1
431	2	15	0
431	3	25	1
431	3	22	0
431	3	35	1
432	0	2	0
432	1	8	0
432	1	37	1
432	1	10	0
432	1	33	1
432	1	24	1
432	1	6	0
432	1	31	1
432	1	10	0
432	1	33	1
432	1	24	1
432	1	27	1
432	1	23	0
432	1	39	1
432	1	20	1
432	2	28	0
433	0	2	0
433	1	4	0
433	1	37	1
433	1	10	0
433	1	33	1
433	1	24	1
433	1	5	0
433	1	31	1
433	1	10	0
433	1	33	1
433	1	24	1
433	1	27	1
433	1	21	0
433	1	39	1
433	1	20	1
433	2	28	0
434	0	2	0
434	1	4	1
434	1	26	1
434	1	24	1
434	1	4	0
434	1	31	1
434	1	10	0
434	1	33	1
434	1	24	1
434	1	27	1
434	1	21	0
434	1	39	1
434	1	20	1
434	2	28	0
435	0	2	0
435	1	24	1
435	1	25	1
435	1	16	0
435	1	35	1
435	1	20	1
435	1	28	0
435	1	41	1
435	1	27	1
435	1	21	0
435	1	39	1
435	2	12	0
435	3	25	1
435	3	16	0
435	3	35	1
436	0	2	0
436	1	4	1
436	1	26	1
436	1	24	1
436	1	5	0
436	1	31	1
436	1	10	0
436	1	33	1
436	1	24	1
436	1	27	1
436	1	21	0
436	1	39	1
436	1	20	1
436	2	28	0
437	0	2	0
437	1	8	0
437	1	37	1
437	1	10	0
437	1	33	1
437	1	24	1
437	1	6	0
437	1	31	1
437	1	26	0
437	1	33	1
437	1	24	1
437	1	27	1
437	1	21	0
437	1	39	1
437	1	20	1
437	2	18	0
438	0	2	0
438	1	24	1
438	1	25	1
438	1	19	0
438	1	35	1
438	1	20	1
438	1	17	0
438	1	41	1
438	1	27	1
438	1	23	0
438	1	39	1
438	2	9	0
438	3	6	0
439	0	2	0
439	1	8	0
439	1	37	1
439	1	26	0
439	1	33	1
439	1	24	1
439	1	6	0
439	1	31	1
439	1	26	0
439	1	33	1
439	1	24	1
439	1	27	1
439	1	23	0
439	1	39	1
439	1	20	1
439	2	18	0
440	0	2	0
440	1	4	1
440	1	26	1
440	1	24	1
440	1	4	0
440	1	31	1
440	1	10	0
440	1	33	1
440	1	24	1
440	1	27	1
440	1	21	0
440	1	39	1
440	1	20	1
440	2	18	0
441	0	2	0
441	1	8	0
441	1	37	1
441	1	26	0
441	1	33	1
441	1	24	1
441	1	8	0
441	1	31	1
441	1	10	0
441	1	33	1
441	1	24	1
441	1	27	1
441	1	23	0
441	1	39	1
441	1	20	1
441	2	28	0
442	0	2	0
442	1	3	0
442	1	37	1
442	1	10	0
442	1	33	1
442	1	24	1
442	1	8	0
442	1	31	1
442	1	26	0
442	1	33	1
442	1	24	1
442	1	27	1
442	1	21	0
442	1	39	1
442	1	20	1
442	2	28	0
443	0	2	0
443	1	24	1
443	1	25	1
443	1	11	0
443	1	35	1
443	1	20	1
443	1	18	0
443	1	41	1
443	1	27	1
443	1	23	0
443	1	39	1
443	2	15	0
443	3	25	1
443	3	14	0
443	3	35	1
444	0	2	0
444	1	4	1
444	1	26	1
444	1	24	1
444	1	5	0
444	1	31	1
444	1	10	0
444	1	33	1
444	1	24	1
444	1	27	1
444	1	23	0
444	1	39	1
444	1	20	1
444	2	18	0
445	0	2	0
445	1	3	0
445	1	37	1
445	1	10	0
445	1	33	1
445	1	24	1
445	1	4	0
445	1	31	1
445	1	26	0
445	1	33	1
445	1	24	1
445	1	27	1
445	1	21	0
445	1	39	1
445	1	20	1
445	2	28	0
446	0	2	0
446	1	8	0
446	1	37	1
446	1	26	0
446	1	33	1
446	1	24	1
446	1	6	0
446	1	31	1
446	1	10	0
446	1	33	1
446	1	24	1
446	1	27	1
446	1	23	0
446	1	39	1
446	1	20	1
446	2	18	0
447	0	2	0
447	1	24	1
447	1	25	1
447	1	14	0
447	1	35	1
447	1	20	1
447	1	18	0
447	1	41	1
447	1	27	1
447	1	23	0
447	1	39	1
447	2	15	0
447	3	6	0
448	0	2	0
448	1	8	0
448	1	37	1
448	1	10	0
448	1	33	1
448	1	24	1
448	1	5	0
448	1	31	1
448	1	26	0
448	1	33	1
448	1	24	1
448	1	27	1
448	1	23	0
448	1	39	1
448	1	20	1
448	2	18	0
449	0	2	0
449	1	24	1
449	1	25	1
449	1	11	0
449	1	35	1
449	1	20	1
449	1	28	0
449	1	41	1
449	1	27	1
449	1	23	0
449	1	39	1
449	2	15	0
449	3	25	1
449	3	22	0
449	3	35	1
450	0	2	0
450	1	4	0
450	1	37	1
450	1	26	0
450	1	33	1
450	1	24	1
450	1	3	0
450	1	31	1
450	1	10	0
450	1	33	1
450	1	24	1
450	1	27	1
450	1	21	0
450	1	39	1
450	1	20	1
450	2	18	0
451	0	2	0
451	1	4	0
451	1	37	1
451	1	26	0
451	1	33	1
451	1	24	1
451	1	8	0
451	1	31	1
451	1	10	0
451	1	33	1
451	1	24	1
451	1	27	1
451	1	23	0
451	1	39	1
451	1	20	1
451	2	18	0
452	0	2	0
452	1	8	0
452	1	37	1
452	1	10	0
452	1	33	1
452	1	24	1
452	1	5	0
452	1	31	1
452	1	10	0
452	1	33	1
452	1	24	1
452	1	27	1
452	1	21	0
452	1	39	1
452	1	20	1
452	2	18	0
453	0	2	0
453	1	24	1
453	1	25	1
453	1	13	0
453	1	35	1
453	1	20	1
453	1	28	0
453	1	41	1
453	1	27	1
453	1	23	0
453	1	39	1
453	2	9	0
453	3	25	1
453	3	16	0
453	3	35	1
454	0	2	0
454	1	24	1
454	1	25	1
454	1	13	0
454	1	35	1
454	1	20	1
454	1	17	0
454	1	41	1
454	1	27	1
454	1	21	0
454	1	39	1
454	2	29	0
454	3	25	1
454	3	22	0
454	3	35	1
455	0	2	0
455	1	4	0
455	1	37	1
455	1	26	0
455	1	33	1
455	1	24	1
455	1	7	0
455	1	31	1
455	1	10	0
455	1	33	1
455	1	24	1
455	1	27	1
455	1	23	0
455	1	39	1
455	1	20	1
455	2	28	0
456	0	2	0
456	1	4	0
456	1	37	1
456	1	26	0
456	1	33	1
456	1	24	1
456	1	7	0
456	1	31	1
456	1	10	0
456	1	33	1
456	1	24	1
456	1	27	1
456	1	23	0
456	1	39	1
456	1	20	1
456	2	28	0
457	0	2	0
457	1	8	0
457	1	37	1
457	1	10	0
457	1	33	1
457	1	24	1
457	1	5	0
457	1	31	1
457	1	10	0
457	1	33	1
457	1	24	1
457	1	27	1
457	1	23	0
457	1	39	1
457	1	20	1
457	2	28	0
458	0	2	0
458	1	3	0
458	1	37	1
458	1	10	0
458	1	33	1
458	1	24	1
458	1	6	0
458	1	31	1
458	1	10	0
458	1	33	1
458	1	24	1
458	1	27	1
458	1	21	0
458	1	39	1
458	1	20	1
458	2	18	0
459	0	2	0
459	1	24	1
459	1	8	0
459	1	31	1
459	1	20	1
459	1	17	0
459	1	41	1
459	1	27	1
459	1	23	0
459	1	39	1
459	2	12	0
459	3	5	0
460	0	2	0
460	1	24	1
460	1	4	0
460	1	31	1
460	1	20	1
460	1	17	0
460	1	41	1
460	1	27	1
460	1	21	0
460	1	39	1
460	2	12	0
460	3	25	1
460	3	19	0
460	3	35	1
461	0	2	0
461	1	3	0
461	1	37	1
461	1	10	0
461	1	33	1
461	1	24	1
461	1	4	0
461	1	31	1
461	1	10	0
461	1	33	1
461	1	24	1
461	1	27	1
461	1	23	0
461	1	39	1
461	1	20	1
461	2	28	0
462	0	2	0
462	1	24	1
462	1	25	1
462	1	11	0
462	1	35	1
462	1	20	1
462	1	28	0
462	1	41	1
462	1	27	1
462	1	23	0
462	1	39	1
462	2	9	0
462	3	25	1
462	3	19	0
462	3	35	1
463	0	2	0
463	1	4	1
463	1	26	1
463	1	24	1
463	1	6	0
463	1	31	1
463	1	26	0
463	1	33	1
463	1	24	1
463	1	27	1
463	1	23	0
463	1	39	1
463	1	20	1
463	2	28	0
464	0	2	0
464	1	24	1
464	1	25	1
464	1	22	0
464	1	35	1
464	1	20	1
464	1	18	0
464	1	41	1
464	1	27	1
464	1	21	0
464	1	39	1
464	2	15	0
464	3	25	1
464	3	14	0
464	3	35	1
465	0	2	0
465	1	8	0
465	1	37	1
465	1	10	0
465	1	33	1
465	1	24	1
465	1	5	0
465	1	31	1
465	1	10	0
465	1	33	1
465	1	24	1
465	1	27	1
465	1	23	0
465	1	39	1
465	1	20	1
465	2	18	0
466	0	2	0
466	1	24	1
466	1	8	0
466	1	31	1
466	1	20	1
466	1	17	0
466	1	41	1
466	1	27	1
466	1	21	0
466	1	39	1
466	2	12	0
466	3	7	0
467	0	2	0
467	1	24	1
467	1	8	0
467	1	31	1
467	1	20	1
467	1	18	0
467	1	41	1
467	1	27	1
467	1	23	0
467	1	39	1
467	2	29	0
467	3	25	1
467	3	11	0
467	3	35	1
468	0	2	0
468	1	4	0
468	1	37	1
468	1	26	0
468	1	33	1
468	1	24	1
468	1	7	0
468	1	31	1
468	1	26	0
468	1	33	1
468	1	24	1
468	1	27	1
468	1	23	0
468	1	39	1
468	1	20	1
468	2	18	0
469	0	2	0
469	1	4	1
469	1	26	1
469	1	24	1
469	1	4	0
469	1	31	1
469	1	26	0
469	1	33	1
469	1	24	1
469	1	27	1
469	1	23	0
469	1	39	1
469	1	20	1
469	2	18	0
470	0	2	0
470	1	3	0
470	1	37	1
470	1	26	0
470	1	33	1
470	1	24	1
470	1	4	0
470	1	31	1
470	1	10	0
470	1	33	1
470	1	24	1
470	1	27	1
470	1	21	0
470	1	39	1
470	1	20	1
470	2	28	0
471	0	2	0
471	1	8	0
471	1	37	1
471	1	26	0
471	1	33	1
471	1	24	1
471	1	4	0
471	1	31	1
471	1	10	0
471	1	33	1
471	1	24	1
471	1	27	1
471	1	21	0
471	1	39	1
471	1	20	1
471	2	28	0
472	0	2	0
472	1	4	0
472	1	37	1
472	1	10	0
472	1	33	1
472	1	24	1
472	1	5	0
472	1	31	1
472	1	26	0
472	1	33	1
472	1	24	1
472	1	27	1
472	1	21	0
472	1	39	1
472	1	20	1
472	2	28	0
473	0	2	0
473	1	24	1
473	1	25	1
473	1	13	0
473	1	35	1
473	1	20	1
473	1	28	0
473	1	41	1
473	1	27	1
473	1	21	0
473	1	39	1
473	2	15	0
473	3	7	0
474	0	2	0
474	1	4	1
474	1	26	1
474	1	24	1
474	1	4	0
474	1	31	1
474	1	26	0
474	1	33	1
474	1	24	1
474	1	27	1
474	1	23	0
474	1	39	1
474	1	20	1
474	2	18	0
475	0	2	0
475	1	4	0
475	1	37	1
475	1	26	0
475	1	33	1
475	1	24	1
475	1	4	0
475	1	31	1
475	1	10	0
475	1	33	1
475	1	24	1
475	1	27	1
475	1	23	0
475	1	39	1
475	1	20	1
475	2	18	0
476	0	2	0
476	1	24	1
476	1	7	0
476	1	31	1
476	1	20	1
476	1	17	0
476	1	41	1
476	1	27	1
476	1	23	0
476	1	39	1
476	2	9	0
476	3	4	0
477	0	2	0
477	1	24	1
477	1	25	1
477	1	16	0
477	1	35	1
477	1	20	1
477	1	18	0
477	1	41	1
477	1	27	1
477	1	21	0
477	1	39	1
477	2	9	0
477	3	8	0
478	0	2	0
478	1	3	0
478	1	37	1
478	1	26	0
478	1	33	1
478	1	24	1
478	1	4	0
478	1	31	1
478	1	10	0
478	1	33	1
478	1	24	1
478	1	27	1
478	1	23	0
478	1	39	1
478	1	20	1
478	2	18	0
479	0	2	0
479	1	4	1
479	1	26	1
479	1	24	1
479	1	7	0
479	1	31	1
479	1	26	0
479	1	33	1
479	1	24	1
479	1	27	1
479	1	21	0
479	1	39	1
479	1	20	1
479	2	28	0
480	0	2	0
480	1	8	0
480	1	37	1
480	1	10	0
480	1	33	1
480	1	24	1
480	1	4	0
480	1	31	1
480	1	10	0
480	1	33	1
480	1	24	1
480	1	27	1
480	1	21	0
480	1	39	1
480	1	20	1
480	2	18	0
481	0	2	0
481	1	3	0
481	1	37	1
481	1	26	0
481	1	33	1
481	1	24	1
481	1	4	0
481	1	31	1
481	1	26	0
481	1	33	1
481	1	24	1
481	1	27	1
481	1	23	0
481	1	39	1
481	1	20	1
481	2	18	0
482	0	2	0
482	1	3	0
482	1	37	1
482	1	10	0
482	1	33	1
482	1	24	1
482	1	5	0
482	1	31	1
482	1	10	0
482	1	33	1
482	1	24	1
482	1	27	1
482	1	21	0
482	1	39	1
482	1	20	1
482	2	28	0
483	0	2	0
483	1	24	1
483	1	25	1
483	1	19	0
483	1	35	1
483	1	20	1
483	1	28	0
483	1	41	1
483	1	27	1
483	1	21	0
483	1	39	1
483	2	12	0
483	3	7	0
484	0	2	0
484	1	24	1
484	1	3	0
484	1	31	1
484	1	20	1
484	1	28	0
484	1	41	1
484	1	27	1
484	1	23	0
484	1	39	1
484	2	15	0
484	3	25	1
484	3	19	0
484	3	35	1
485	0	2	0
485	1	3	0
485	1	37	1
485	1	26	0
485	1	33	1
485	1	24	1
485	1	7	0
485	1	31	1
485	1	10	0
485	1	33	1
485	1	24	1
485	1	27	1
485	1	21	0
485	1	39	1
485	1	20	1
485	2	18	0
486	0	2	0
486	1	4	0
486	1	37	1
486	1	10	0
486	1	33	1
486	1	24	1
486	1	7	0
486	1	31	1
486	1	26	0
486	1	33	1
486	1	24	1
486	1	27	1
486	1	21	0
486	1	39	1
486	1	20	1
486	2	18	0
487	0	2	0
487	1	4	1
487	1	26	1
487	1	24	1
487	1	4	0
487	1	31	1
487	1	26	0
487	1	33	1
487	1	24	1
487	1	27	1
487	1	23	0
487	1	39	1
487	1	20	1
487	2	28	0
488	0	2	0
488	1	4	1
488	1	26	1
488	1	24	1
488	1	5	0
488	1	31	1
488	1	10	0
488	1	33	1
488	1	24	1
488	1	27	1
488	1	21	0
488	1	39	1
488	1	20	1
488	2	18	0
489	0	2	0
489	1	24	1
489	1	6	0
489	1	31	1
489	1	20	1
489	1	18	0
489	1	41	1
489	1	27	1
489	1	23	0
489	1	39	1
489	2	15	0
489	3	25	1
489	3	16	0
489	3	35	1
490	0	2	0
490	1	8	0
490	1	37	1
490	1	10	0
490	1	33	1
490	1	24	1
490	1	6	0
490	1	31	1
490	1	10	0
490	1	33	1
490	1	24	1
490	1	27	1
490	1	23	0
490	1	39	1
490	1	20	1
490	2	28	0
491	0	2	0
491	1	4	0
491	1	37	1
491	1	10	0
491	1	33	1
491	1	24	1
491	1	3	0
491	1	31	1
491	1	10	0
491	1	33	1
491	1	24	1
491	1	27	1
491	1	23	0
491	1	39	1
491	1	20	1
491	2	28	0
492	0	2	0
492	1	24	1
492	1	25	1
492	1	19	0
492	1	35	1
492	1	20	1
492	1	18	0
492	1	41	1
492	1	27	1
492	1	23	0
492	1	39	1
492	2	12	0
492	3	25	1
492	3	16	0
492	3	35	1
493	0	2	0
493	1	24	1
493	1	7	0
493	1	31	1
493	1	20	1
493	1	18	0
493	1	41	1
493	1	27	1
493	1	21	0
493	1	39	1
493	2	15	0
493	3	5	0
494	0	2	0
494	1	4	1
494	1	26	1
494	1	24	1
494	1	3	0
494	1	31	1
494	1	26	0
494	1	33	1
494	1	24	1
494	1	27	1
494	1	23	0
494	1	39	1
494	1	20	1
494	2	18	0
495	0	2	0
495	1	4	1
495	1	26	1
495	1	24	1
495	1	4	0
495	1	31	1
495	1	26	0
495	1	33	1
495	1	24	1
495	1	27	1
495	1	23	0
495	1	39	1
495	1	20	1
495	2	18	0
496	0	2	0
496	1	4	0
496	1	37	1
496	1	10	0
496	1	33	1
496	1	24	1
496	1	7	0
496	1	31	1
496	1	26	0
496	1	33	1
496	1	24	1
496	1	27	1
496	1	23	0
496	1	39	1
496	1	20	1
496	2	28	0
497	0	2	0
497	1	24	1
497	1	25	1
497	1	14	0
497	1	35	1
497	1	20	1
497	1	18	0
497	1	41	1
497	1	27	1
497	1	21	0
497	1	39	1
497	2	12	0
497	3	25	1
497	3	13	0
497	3	35	1
498	0	2	0
498	1	4	0
498	1	37	1
498	1	26	0
498	1	33	1
498	1	24	1
498	1	4	0
498	1	31	1
498	1	26	0
498	1	33	1
498	1	24	1
498	1	27	1
498	1	23	0
498	1	39	1
498	1	20	1
498	2	28	0
499	0	2	0
499	1	4	0
499	1	37	1
499	1	26	0
499	1	33	1
499	1	24	1
499	1	3	0
499	1	31	1
499	1	10	0
499	1	33	1
499	1	24	1
499	1	27	1
499	1	21	0
499	1	39	1
499	1	20	1
499	2	18	0
500	0	2	0
500	1	4	0
500	1	37	1
500	1	26	0
500	1	33	1
500	1	24	1
500	1	8	0
500	1	31	1
500	1	10	0
500	1	33	1
500	1	24	1
500	1	27	1
500	1	21	0
500	1	39	1
500	1	20	1
500	2	28	0
