2	42	28	
2	42	28	
2	40	12	34	
2	38	28	
2	38	28	
2	40	15	5	
2	38	18	
2	38	28	
2	38	18	
2	38	18	
2	40	29	34	
2	42	18	
2	43	12	34	
2	42	18	
2	43	9	34	
2	40	12	34	
2	38	18	
2	42	28	
2	38	18	
2	42	18	
2	38	28	
2	38	18	
2	40	15	5	
2	40	12	34	
2	38	28	
2	40	15	4	
2	40	15	34	
2	38	28	
2	40	29	7	
2	43	12	34	
2	43	9	34	
2	38	28	
2	40	12	8	
2	40	15	34	
2	40	15	34	
2	38	28	
2	38	28	
2	40	12	34	
2	38	18	
2	38	18	
2	43	15	6	
2	38	18	
2	40	12	34	
2	40	9	5	
2	38	18	
2	38	18	
2	38	28	
2	40	29	34	
2	40	9	34	
2	40	12	3	
2	42	28	
2	40	12	34	
2	38	18	
2	42	28	
2	42	28	
2	40	9	34	
2	38	18	
2	43	29	34	
2	43	12	34	
2	42	18	
2	43	12	34	
2	38	18	
2	42	28	
2	38	28	
2	40	9	5	
2	38	28	
2	42	28	
2	38	18	
2	38	28	
2	42	18	
2	40	9	34	
2	38	28	
2	38	28	
2	42	18	
2	38	28	
2	40	15	34	
2	38	28	
2	38	28	
2	42	18	
2	40	12	34	
2	38	18	
2	40	12	34	
2	40	29	34	
2	42	28	
2	42	28	
2	38	28	
2	40	12	34	
2	38	28	
2	38	28	
2	38	28	
2	43	29	34	
2	38	28	
2	38	28	
2	43	9	34	
2	43	12	8	
2	38	18	
2	38	28	
2	42	28	
2	40	15	6	
2	43	9	34	
2	38	28	
2	42	18	
2	40	12	34	
2	38	28	
2	38	18	
2	38	18	
2	40	12	34	
2	38	18	
2	38	28	
2	38	18	
2	38	18	
2	40	29	34	
2	40	12	34	
2	38	18	
2	38	18	
2	38	28	
2	42	18	
2	42	28	
2	42	18	
2	40	15	6	
2	40	15	3	
2	38	18	
2	42	28	
2	38	18	
2	38	18	
2	40	9	34	
2	38	28	
2	38	18	
2	40	29	34	
2	42	28	
2	38	18	
2	38	28	
2	40	29	3	
2	40	12	34	
2	38	18	
2	38	28	
2	40	15	34	
2	38	28	
2	38	18	
2	40	15	34	
2	40	15	34	
2	43	15	8	
2	43	9	34	
2	38	28	
2	42	28	
2	38	18	
2	38	28	
2	42	18	
2	38	28	
2	43	29	5	
2	38	28	
2	38	28	
2	38	28	
2	42	28	
2	38	18	
2	40	15	7	
2	38	18	
2	38	28	
2	38	28	
2	38	28	
2	38	28	
2	38	28	
2	38	28	
2	38	28	
2	38	28	
2	40	9	34	
2	38	28	
2	40	15	34	
2	42	28	
2	42	18	
2	43	12	34	
2	40	12	34	
2	38	18	
2	43	29	34	
2	43	12	6	
2	40	15	34	
2	40	15	34	
2	43	9	34	
2	38	18	
2	38	18	
2	38	28	
2	38	28	
2	38	18	
2	40	12	4	
2	43	9	5	
2	40	9	3	
2	40	15	34	
2	38	28	
2	40	15	7	
2	43	29	34	
2	43	15	34	
2	38	18	
2	38	18	
2	43	15	34	
2	40	12	34	
2	40	15	34	
2	38	18	
2	40	12	5	
2	43	15	6	
2	40	12	34	
2	43	12	34	
2	40	15	34	
2	38	28	
2	38	28	
2	42	18	
2	38	28	
2	42	18	
2	40	12	34	
2	40	12	34	
2	40	15	34	
2	42	28	
2	38	28	
2	42	28	
2	42	18	
2	38	18	
2	42	28	
2	40	12	7	
2	38	18	
2	40	29	6	
2	42	18	
2	40	29	34	
2	42	28	
2	40	12	4	
2	38	18	
2	43	15	34	
2	38	28	
2	38	28	
2	43	15	34	
2	38	28	
2	40	29	34	
2	38	18	
2	38	18	
2	38	18	
2	40	15	34	
2	38	18	
2	38	28	
2	38	18	
2	43	15	34	
2	42	28	
2	42	28	
2	42	28	
2	40	15	34	
2	40	9	34	
2	42	28	
2	38	28	
2	38	18	
2	42	18	
2	38	28	
2	40	15	5	
2	42	18	
2	38	18	
2	38	28	
2	40	29	34	
2	40	12	34	
2	40	9	34	
2	38	18	
2	38	18	
2	38	18	
2	42	18	
2	38	18	
2	40	12	4	
2	38	18	
2	43	9	34	
2	38	18	
2	38	28	
2	38	28	
2	40	12	34	
2	40	15	34	
2	43	12	34	
2	38	18	
2	38	28	
2	40	29	7	
2	42	18	
2	40	15	34	
2	43	12	34	
2	38	28	
2	38	28	
2	38	28	
2	40	12	34	
2	42	18	
2	38	18	
2	43	15	8	
2	38	28	
2	38	18	
2	38	28	
2	38	18	
2	40	12	34	
2	38	28	
2	38	28	
2	43	9	34	
2	38	18	
2	40	29	34	
2	40	15	34	
2	38	18	
2	38	28	
2	42	28	
2	38	28	
2	42	28	
2	43	12	34	
2	40	12	3	
2	42	28	
2	40	12	34	
2	43	12	8	
2	43	15	34	
2	40	12	4	
2	38	18	
2	40	15	34	
2	42	28	
2	38	18	
2	42	28	
2	38	28	
2	38	28	
2	38	18	
2	40	15	34	
2	38	28	
2	38	28	
2	40	12	4	
2	42	28	
2	38	28	
2	38	28	
2	38	28	
2	42	18	
2	42	28	
2	42	18	
2	38	18	
2	43	12	34	
2	42	18	
2	40	12	34	
2	43	15	34	
2	40	12	34	
2	40	9	5	
2	38	18	
2	43	9	34	
2	42	18	
2	42	18	
2	38	28	
2	40	15	34	
2	43	12	34	
2	43	12	6	
2	38	28	
2	38	28	
2	40	29	34	
2	38	18	
2	40	29	6	
2	40	12	34	
2	40	12	8	
2	43	15	4	
2	40	12	34	
2	38	28	
2	38	28	
2	38	18	
2	43	9	34	
2	42	28	
2	38	28	
2	40	9	34	
2	38	18	
2	43	29	34	
2	42	28	
2	38	18	
2	43	9	6	
2	42	18	
2	38	28	
2	40	15	34	
2	40	15	34	
2	38	28	
2	40	12	34	
2	40	29	34	
2	38	28	
2	42	18	
2	42	28	
2	40	12	34	
2	40	9	34	
2	38	28	
2	40	9	34	
2	38	28	
2	38	18	
2	40	12	34	
2	42	18	
2	43	15	34	
2	40	15	34	
2	38	18	
2	42	28	
2	38	28	
2	40	15	34	
2	38	28	
2	42	18	
2	42	28	
2	40	9	34	
2	43	15	7	
2	40	15	8	
2	38	18	
2	42	28	
2	38	28	
2	38	18	
2	38	18	
2	38	28	
2	43	29	34	
2	42	18	
2	40	12	34	
2	42	18	
2	38	28	
2	40	29	34	
2	42	28	
2	43	15	34	
2	40	9	7	
2	38	28	
2	40	12	4	
2	40	12	34	
2	40	15	34	
2	43	15	34	
2	38	28	
2	40	12	4	
2	43	12	3	
2	38	18	
2	38	28	
2	38	28	
2	38	18	
2	38	18	
2	42	28	
2	38	28	
2	38	18	
2	43	9	34	
2	38	18	
2	40	9	34	
2	38	18	
2	42	28	
2	38	28	
2	42	18	
2	40	9	34	
2	43	29	34	
2	43	15	34	
2	38	28	
2	38	28	
2	42	28	
2	40	12	34	
2	42	28	
2	38	18	
2	40	9	6	
2	38	18	
2	42	18	
2	38	28	
2	38	28	
2	40	15	34	
2	42	18	
2	38	28	
2	38	18	
2	40	15	6	
2	38	18	
2	40	15	34	
2	38	18	
2	38	18	
2	38	18	
2	40	9	34	
2	40	29	34	
2	38	28	
2	38	28	
2	38	28	
2	38	18	
2	43	12	5	
2	43	12	34	
2	38	28	
2	40	9	34	
2	42	28	
2	40	15	34	
2	38	18	
2	43	12	7	
2	43	29	34	
2	38	18	
2	42	18	
2	38	28	
2	38	28	
2	38	28	
2	40	15	7	
2	42	18	
2	38	18	
2	43	9	4	
2	40	9	8	
2	38	18	
2	42	28	
2	38	18	
2	38	18	
2	38	28	
2	40	12	7	
2	43	15	34	
2	38	18	
2	38	18	
2	42	28	
2	42	18	
2	43	15	34	
2	38	28	
2	38	28	
2	40	12	34	
2	43	15	5	
2	42	18	
2	42	18	
2	38	28	
2	40	12	34	
2	38	28	
2	38	18	
2	38	28	
